3.797025640791820589e+00
2.905342685721549412e+00
4.724542053905670613e+00
1.190024428769867582e+00
2.191876289729586702e+00
2.535423317213205241e+00
8.417698732637109771e+00
8.979972100199153928e+00
5.507441083852429919e+00
2.230353034832561754e+00
4.806275170313776712e+00
-3.207050058468562947e-01
-6.352779618552417684e-02
5.982487030196589117e+00
6.324012024502029483e+00
9.618042222424882937e-01
-1.565772285770413053e+00
1.042344935208359580e+00
-2.023347680510424240e+00
-4.269921628007076642e+00
1.752868696337683385e+00
1.265909784257466697e+01
-1.069299706782368808e+01
2.025131540942477670e+01
1.626130747176246949e+00
-2.658304939014149681e+01
1.820497950812917338e+02
5.540967194397453888e+00
-1.982509694115040588e+01
-4.674329501065113845e+01
1.740137847183745237e+02
3.796220924329524564e+02
2.673861451622460663e+02
1.009214697788420665e+02
3.054791559703772350e+02
5.769733483568662535e+01
7.017434030834720033e+02
4.239620399225922824e+02
3.110956900126071787e+02
5.953710402735174512e+02
2.655145941533230598e+02
3.212844079145234559e+02
1.050847887330540544e+02
3.210523840929640187e+02
4.352253991724460320e+02
3.747154632997099952e+02
9.554311718392287389e+01
5.439118394133465699e+02
4.451672505975970466e+02
3.835737165997375655e+02
2.808138023037932385e+02
6.571409597274617909e+01
3.696780939723163328e+01
5.212888009403117167e+02
4.257465324482142819e+02
3.064910312675163482e+02
6.170682433406414020e+02
1.894857215207141792e+02
2.952288996344566954e+02
7.767967540791060799e+01
3.600313431918578431e+02
3.730938415001586463e+02
3.657540199623720127e+02
6.106752061543424759e+01
3.895777563993641479e+02
3.791864422531886021e+02
3.510916719322239601e+02
3.149918409694757315e+02
2.792495675233762498e+01
3.073840093092158554e+02
2.985182718411028873e+02
2.900500729500923285e+02
3.094104085683856624e+02
4.420002000638373829e+01
4.296846143785614913e+02
3.664125876974217135e+02
4.870325040698718908e+02
3.284183372128799761e+02
4.686938504140049986e+02
3.599332435068743621e+02
4.312650135023308735e+02
3.300140807118299335e+02
4.819180691751472523e+02
3.176849612500200806e+02
4.030065237335121537e+02
3.185702600620383009e+02
4.559067603877070383e+02
9.868918751259693067e+01
3.956201458716302000e+02
3.048157612071059930e+02
5.841866662398542758e+02
3.031805854392264905e+02
3.331016011678153177e+02
9.760366789510230774e+02
3.489079819445095723e+02
4.102823705297613515e+02
4.472993721789183610e+02
4.387081931276238720e+02
4.307487002794503042e+02
5.514818510293459894e+02
4.030297644791651237e+02
3.935515397453737023e+02
4.832208924605043308e+02
4.087702659333534143e+02
3.368545798792217738e+02
4.726081534058635043e+02
4.319816590150533102e+02
3.986264087842172330e+02
4.728326848964916849e+02
3.555402163527839434e+02
4.197850787470612772e+02
4.158572835187413261e+02
3.350016811241983419e+02
4.188396134762508609e+02
4.591698277749588328e+02
3.814632150476075481e+02
4.682366063081303196e+02
4.050026087145976135e+02
1.124844931611280145e+02
4.831039200666909323e+02
3.988135653978831670e+02
3.199707402396084603e+02
4.413295374053699334e+02
4.965103877933130434e+02
3.764429658877958218e+02
4.554795294876764160e+02
4.941248715169542720e+02
5.157425459278153994e+02
4.420419260292952686e+02
4.326873841228849074e+02
5.864636718997252274e+02
4.988208342610816430e+02
3.227309963863981466e+02
3.290654356224728190e+02
4.018097464103460652e+02
4.196931603652593026e+02
4.409704788891111207e+02
3.644335988857645248e+02
4.453615426176973529e+02
3.940299936802505272e+02
4.196620423550415921e+02
2.968961203989419460e+02
2.102889558889783927e+02
4.153082098313107053e+02
2.929732128688312400e+02
3.215721281463779064e+02
3.164069098336603361e+02
3.899496733776765041e+02
3.620310214281186632e+02
3.562008468497676859e+02
3.844689013324835969e+02
4.037274586042300371e+02
4.017064162335371407e+02
4.219176810417856700e+02
4.047737230975137095e+02
3.603177720546132718e+02
3.728270264406689307e+02
3.860197827764188219e+02
4.401934675326334059e+02
2.597857347356591049e+02
4.268438611562560254e+02
3.142557747252685090e+02
3.816292426764903780e+02
1.237172700370476690e+02
3.157277110176385690e+02
3.608705855206942488e+02
3.848961894880288810e+02
3.271103355005167828e+02
4.122959794362710113e+02
3.504999526792167330e+02
2.644526969135458785e+02
3.837958011080610845e+02
3.714839895862079970e+02
3.096173918192009751e+02
2.144847085603612413e+02
4.120870101556035365e+02
3.482587541288231705e+02
3.951962116430862579e+02
5.440639575328590354e+02
3.860842030918170735e+02
4.601894493435574418e+02
3.635225453047358428e+02
3.412738240403504619e+02
3.690582166543272251e+02
4.340549316060051979e+02
3.294212624303779648e+02
3.486865946557697384e+02
2.688691967855752409e+02
3.862300443448606302e+02
3.515069843423381712e+02
3.446235509748813683e+02
4.888302759103100357e+02
3.606578234374047724e+02
3.084369575824870822e+02
3.864751969715350128e+02
3.669770445078777925e+02
3.739585751077913756e+02
3.222065544822771130e+02
3.626653291540515056e+02
3.649975967021509859e+02
3.779508024861515878e+02
3.031595302567604335e+02
3.508023236834746967e+02
4.061251212537140418e+02
3.843959169926687878e+02
3.960072677672891359e+02
2.583312416549488262e+02
3.264480574635890093e+02
3.856889999599003431e+02
3.688823461479202592e+02
3.285205785793899622e+02
3.505781814975829320e+02
2.701056208479736256e+02
3.576685414172945912e+02
3.247299182906025976e+02
1.411481622674110099e+02
3.839094829236819351e+02
3.613100129057907566e+02
2.561112524595321815e+02
4.560127461677161591e+02
2.917514349703590142e+02
3.971003885831337925e+02
3.755669523730136348e+02
3.804957709386088140e+02
4.252122324425701549e+02
3.938467917147437447e+02
4.081480376734511424e+02
2.081762279230160004e+02
3.132611404510766420e+02
3.131526910983460539e+02
8.781693148545313079e+02
3.286396078861508840e+02
3.864752095788066981e+02
4.249243862696708334e+02
3.916580365636568217e+02
2.352598282056533492e+02
3.250136462792552834e+02
2.639261871167420850e+02
4.321097659869681138e+02
4.019227728140231193e+02
3.278852636365426747e+02
3.023246622462004325e+02
3.078275088515195534e+02
4.093351101885272669e+02
4.088232315928430580e+02
4.121609775971531917e+02
2.956870621758018274e+02
3.853454521736105676e+02
3.789076885655520073e+02
5.226244414128210565e+02
3.855207502623776463e+02
2.938130828728609458e+02
3.727832661080321373e+02
3.710970463693677743e+02
5.001524415006364848e+02
3.516494360478268391e+02
3.846680648168793937e+02
3.280913431968833152e+02
3.508746626395936801e+02
5.168849085253440307e+02
4.590564717760191797e+02
3.719837287301834294e+02
3.973636162155301008e+02
3.916689160551375153e+02
3.876536189724853898e+02
3.234173498798317041e+02
3.780838296520346375e+02
4.265869024054448460e+02
2.022918678385479723e+02
4.075497653162695997e+02
3.549338452430643542e+02
4.061607360238617161e+02
4.018669479341449460e+02
3.212019185955570038e+02
4.109631368622842729e+02
3.589617655761148285e+02
3.686335892065344524e+02
3.441250250861374411e+02
4.047847076472401682e+02
3.809412072362971458e+02
4.154356920468458156e+02
4.520597451374729303e+02
4.824886090125336295e+02
3.959270390059609781e+02
4.277064123075223279e+02
4.596638637283670619e+02
3.669342396979768637e+02
3.392570715737329579e+02
3.537396511878511660e+02
1.708551816775519114e+02
3.655506986907922737e+02
4.080808568333103494e+02
5.098393882810586888e+02
4.065234151221627599e+02
3.717305253537381304e+02
4.016675311536815229e+02
3.588138762422004220e+02
5.807201799200090591e+02
4.031318750329364207e+02
4.163483473233189898e+02
5.102320791203878230e+02
3.545722005570143551e+02
4.148764357947544568e+02
4.692711031766605174e+02
5.156692191641808449e+02
1.131142534305407139e+02
3.994075377947828542e+02
3.858241880524030876e+02
3.403887950394613995e+02
3.531667854880759023e+02
4.186742782957871896e+02
5.024828355328169209e+02
4.131605235316432641e+02
5.464409473046614494e+02
5.389899341718831920e+02
4.437576734333446780e+02
4.766573761418664503e+02
4.201080994720942385e+02
4.153478344758149206e+02
3.608408716436698569e+02
3.665366176322095271e+02
3.659151224818928654e+02
3.978313997563699331e+02
4.146953867433310847e+02
3.735284541461990102e+02
3.143606310433798967e+02
3.749081190636608767e+02
3.266699832675868720e+02
3.315883605006618495e+02
5.201728293569178732e+02
5.356460823840274088e+02
4.690978916777592076e+02
4.486832000475918676e+02
3.778892929188785388e+02
4.004389686454734374e+02
4.428784862643186671e+02
3.136683268586561439e+02
4.165291875813917954e+02
3.830995499631229109e+02
3.748567068745951474e+02
3.282693145261953873e+02
4.001559787372648316e+02
3.506448107307020905e+02
4.106423675758624086e+02
3.067345183430747966e+02
3.761139870918590304e+02
4.085002906260833129e+02
4.623943565399539466e+02
3.705760232560910481e+02
3.961055317042697084e+02
3.862595941616096979e+02
1.398564138182748025e+02
3.898716283760401780e+02
3.775999376343240783e+02
3.455184749255432735e+02
3.937454646883800820e+02
5.744435398668443895e+02
3.608100692113811192e+02
3.613303808159576533e+02
3.431316076784047482e+02
3.289419870337362681e+02
4.468284243096308614e+02
4.825538501716143287e+02
4.548511974621354739e+02
3.514925814586061392e+02
5.570683711069143556e+02
3.514960241916557493e+02
4.558227739906691340e+02
3.901066186679227030e+02
1.440488794427147639e+02
3.237856301413871734e+02
5.095692058973911003e+02
4.414966661493592142e+02
4.299296010305455980e+02
4.127019422546524652e+02
3.698027328954260611e+02
4.669919532452021826e+02
4.090212039080878981e+02
5.779275448820892507e+02
1.711331140686317838e+02
3.485277649224598804e+02
5.154752717512983509e+02
4.536649735196950814e+02
4.641523575881590205e+02
4.147737132678956868e+02
4.281105710253927441e+02
4.767990794443391565e+02
4.402803812029252981e+02
5.324979057387354260e+02
4.591810277179608875e+02
4.008961965273995247e+02
4.091181120783833194e+02
4.075350415812563938e+02
4.612147176485189561e+02
3.900403081908479521e+02
4.410375393245503233e+02
3.861932841862057444e+02
4.657906603613323000e+02
4.176579393068469130e+02
4.305010727773279768e+02
4.320171436315196729e+02
3.609629332114496378e+02
4.155041951185186804e+02
1.772000662227318344e+02
3.146937471542014464e+02
4.602436526018094014e+02
5.594259488226235817e+02
3.807020005462675272e+02
4.378935752104168841e+02
3.868584220136614249e+02
5.032427098772281511e+02
4.020491587910497060e+02
4.054569789855220847e+02
4.293662521762923916e+02
4.573118869411090373e+02
7.576095437104809207e+02
5.419968895250196965e+02
4.033989807597650383e+02
6.085262760929908836e+02
7.202826858079523618e+02
4.804960187617318184e+02
4.695607333415412086e+02
4.014399780269100120e+02
3.368904670017647618e+02
3.879561794732946964e+02
4.661787703870225528e+02
4.080029473662170858e+02
4.514344387063148929e+02
4.709980560377450161e+02
4.960459773284042626e+02
4.197962665766888222e+02
3.923528487960684288e+02
5.860307262058969400e+02
3.659942867414316083e+02
4.865772078636312585e+02
6.054621881561939745e+02
4.650892827737968105e+02
5.378864384061188275e+02
4.602358772262868456e+02
4.813973285650754974e+02
4.172522728589169105e+02
4.359228505968623608e+02
3.788222379010603049e+02
4.357109294939302231e+02
4.663434409760311610e+02
4.061360813763209308e+02
4.966746554408801444e+02
5.748658511078000402e+02
3.995376205722579925e+02
4.903825623289084774e+02
5.238442324106619026e+02
4.544378958746387411e+02
5.688177625990168735e+02
5.312997319901393212e+02
4.040254433358281858e+02
5.589328610318401616e+02
4.958819365044473102e+02
4.906306119343722116e+02
4.426897322768102754e+02
5.745713772567640945e+02
5.063769229516317978e+02
4.297250404100963124e+02
4.076642873450134061e+02
4.843068187249227776e+02
3.948870507967270100e+02
4.661439301683551548e+02
5.035355205048172706e+02
4.571845216664874556e+02
5.488631069441466934e+02
4.768165272097058960e+02
3.354597603229107108e+02
4.286034608436153803e+02
4.336937809812700948e+02
3.850805909420407147e+02
4.092071790191351397e+02
3.980039376843163268e+02
3.501651204082568825e+02
4.941406217966959389e+02
5.980402667730122630e+02
4.774025607755313558e+02
4.401508235483957492e+02
4.823159516588278848e+02
3.599863243921599292e+02
5.026500016312726871e+02
4.747508297440641627e+02
3.938148031346469224e+02
4.661241048091179664e+02
3.399842026506494221e+02
5.792171199282458929e+02
6.211977925661291238e+02
4.926673249772348413e+02
4.509410594863085748e+02
4.548334397596535155e+02
4.446054823054901135e+02
3.978901806038966811e+02
5.120085226198515329e+02
4.111901419648203273e+02
3.875354639606238152e+02
4.507271607413708239e+02
4.455255408512411464e+02
4.955544438890889865e+02
5.244115680044350256e+02
4.183161345370340882e+02
5.003777039784925478e+02
5.054244222123630266e+02
5.268458352613722582e+02
5.058209737761009137e+02
4.570660857261754586e+02
4.836206912991133322e+02
4.987506650386732190e+02
5.167349525830677521e+02
3.867984494845707104e+02
5.512343249956059026e+02
4.881625889791478698e+02
4.948420694199753598e+02
4.914895673553254483e+02
3.845771879817176000e+02
4.512412586609746654e+02
4.409757516539095263e+02
3.923403603743615804e+02
4.318625865791506726e+02
5.015059122685199782e+02
5.235363153983715847e+02
6.326830028329300148e+02
5.315157561504460091e+02
4.404885194429084549e+02
4.862419448205861841e+02
6.192697088717867473e+02
5.815381979070612033e+02
5.961414334017864576e+02
4.133446514651634516e+02
5.553891469076603471e+02
5.737051480668598060e+02
5.580406046791434846e+02
4.214362873089086179e+02
6.148775920589648649e+02
6.372506358318503317e+02
6.395619497641774842e+02
5.334893763100976685e+02
5.490913616544501110e+02
5.704832078732946457e+02
5.897969530214118095e+02
3.838662026360357800e+02
5.407756109482699003e+02
3.782159255564677096e+02
5.997155448468074610e+02
4.975008161056142626e+02
4.695686596805155091e+02
6.344552881507012216e+02
5.760569770586623690e+02
5.629640045482357209e+02
4.607727588044385811e+02
4.999995918569084665e+02
5.776114395149493248e+02
4.333113141541876416e+02
5.900188789155948825e+02
5.664053447225272748e+02
5.559523792965356961e+02
5.750930963188761780e+02
5.208287513329058811e+02
4.734590674940552049e+02
5.778536262935846253e+02
5.814940514146308033e+02
7.372126473914230473e+02
5.426950491387133297e+02
5.878169563557024730e+02
4.577063118714686425e+02
5.662399163278362266e+02
6.475946107005554495e+02
4.793554887242360110e+02
4.617433121605188830e+02
6.097480222168999262e+02
4.562818289168839669e+02
4.299937128968269917e+02
5.991016304237031136e+02
4.679576756280694667e+02
4.947180211402895793e+02
7.244756931601754104e+02
4.843244349469942449e+02
5.187977021585696775e+02
5.455692637756473005e+02
5.417729932248719251e+02
4.903656504536245961e+02
7.084060778632542679e+02
6.293292890173833030e+02
5.811178550004649423e+02
5.146788472055187640e+02
6.037049224982766873e+02
5.838495999698914147e+02
5.629766699862345831e+02
5.880591251924764720e+02
5.085158337994908493e+02
5.709032801805639110e+02
4.627316772177155713e+02
4.968472003492441331e+02
4.592304543459184742e+02
6.283493702920030728e+02
6.093437047997883838e+02
4.755843482828829565e+02
5.884328908963899494e+02
5.760127207873999851e+02
6.138423534012214304e+02
5.527311467490217183e+02
5.055164324393315383e+02
5.037577745034153054e+02
6.257268782711455515e+02
5.572991504250135222e+02
5.748552595626682660e+02
4.952946925008714629e+02
5.567934938224199186e+02
4.751361089562474831e+02
5.711397188682726664e+02
5.627439993487436141e+02
5.245338925829727259e+02
5.916755287708515425e+02
5.852112291458366826e+02
5.285434751491502539e+02
7.835901810361162916e+02
5.907595829975016386e+02
5.083756941673909751e+02
6.224722931430974313e+02
6.153128228226122474e+02
5.879432810646178496e+02
6.430145796707120098e+02
5.193121170809010891e+02
9.188283156410543597e+02
7.497720878870588876e+02
6.677773555540059078e+02
5.556437483157985753e+02
6.071339729154162796e+02
4.938394021093303650e+02
5.973669642304462286e+02
6.551485018728886871e+02
4.046072105627216047e+02
5.298431495209334798e+02
8.362518856210443801e+02
6.152635519770251449e+02
7.757237351522527433e+02
6.132362073154610016e+02
5.742637542709691161e+02
7.600875600329594590e+02
5.324447834666950712e+02
8.024786944065712078e+02
5.749829038247396511e+02
5.439043791137894459e+02
6.934086806854296583e+02
5.913832833589726761e+02
5.912739295345990058e+02
7.140531293838165539e+02
8.604243390038743655e+02
5.470962261067789996e+02
7.591406144432589826e+02
7.272941874745306450e+02
5.246415377115814636e+02
4.760623252843853379e+02
6.950723832270837192e+02
8.169108769266931631e+02
5.712350531509620168e+02
5.304013344692867804e+02
5.208406626590178803e+02
6.467953157576280319e+02
6.731873073137719530e+02
7.515107114238020358e+02
6.145885998990432881e+02
5.250920793343760806e+02
5.539386405303766878e+02
6.595332490915820927e+02
5.270899889629019981e+02
5.833625493317362043e+02
7.316908138814566200e+02
8.327673649615312570e+02
6.116658844501930616e+02
7.851267546438033378e+02
9.723493599604249766e+02
5.949018055916536696e+02
7.900686994305002600e+02
7.056092010809518342e+02
6.735714213892188127e+02
8.567450508061905339e+02
1.004261336610174681e+03
8.365316798256098991e+02
1.050539010628324831e+03
8.394599834974025043e+02
3.213319458749660953e+02
6.031061755721494819e+02
5.635099406351205289e+02
8.950088483934096075e+02
6.996358937539422413e+02
6.005514870034717205e+02
1.229935511187870588e+03
7.592304391980622995e+02
5.782476034388101880e+02
5.897711547498830669e+02
5.315304068552214858e+02
8.684128656648521201e+02
9.267056052536272546e+02
6.934402752899428606e+02
7.101993732187046362e+02
1.027317979835139340e+03
8.284070859828219682e+02
5.356596300661898340e+02
1.023137009669581062e+03
7.882679687435229425e+02
1.155386141692572437e+03
8.293834052283619940e+02
9.686739665679408517e+02
5.522732344138572671e+02
9.736701478886938048e+02
8.536620336570642849e+02
8.139502973128963959e+02
1.325972857221937829e+03
6.894830442667837360e+02
6.346921765898024432e+02
7.173773752215455488e+02
1.306255431611882386e+03
4.897737461886163146e+02
8.435228213367827266e+02
7.594573899563791883e+02
8.723616447017573137e+02
7.069393312201370918e+02
1.041898952527659731e+03
8.048679809562328273e+02
1.004467119188605920e+03
4.914312526991586765e+02
5.823779019537010981e+02
8.126273590133681637e+02
1.087791796010120379e+03
8.655103166998485449e+02
1.488785750971433572e+03
1.065307688925161756e+03
7.999921656296788797e+02
7.835432353707913080e+02
4.607850866263956959e+02
2.139270510683466455e+03
9.318123159378736773e+02
7.922074103825242446e+02
1.062795817310069651e+03
1.093163235056292251e+03
1.286389233367317274e+03
7.299653395601203556e+02
1.101909854184922324e+03
1.015321190073892240e+03
1.667914229945293755e+03
1.239161461121143020e+03
7.851620501765453355e+02
1.063856743302992300e+03
1.192440824787242718e+03
9.599226339316701342e+02
9.980495290822091192e+02
1.525708628047418642e+03
1.649919672046881942e+03
1.320499261301613387e+03
1.019599152675277537e+03
1.460664275707302295e+03
1.138390307381306229e+03
1.632295322171336466e+03
1.306190094378660433e+03
5.468636746417255381e+02
1.034914714148357007e+03
9.702166639214377710e+02
5.217045163767975282e+02
8.889794048321468836e+02
1.066908478893589518e+03
3.672582685692834161e+02
1.104850730701414477e+03
7.417589322048060012e+02
9.491219802880558518e+02
9.955825226510444281e+02
9.446189775681297078e+02
7.840721103623668569e+02
1.869183386591589169e+03
1.041255725542774371e+03
8.072306956326542604e+02
1.041285197156079903e+03
6.571129757862305496e+02
8.027872100448440733e+02
9.676295851367103751e+02
7.762762993803740983e+02
8.990462911949184672e+02
1.450992366614934099e+03
7.011902980210892338e+02
6.109371019838654320e+02
1.026274746906257178e+03
6.362922634303378118e+02
9.689160106228316636e+02
1.868911276068938832e+03
6.828715458439846770e+02
5.845382191612914085e+02
9.865485198375802156e+01
9.279507688364853948e+02
7.645891741313290595e+02
1.920839983804672102e+03
6.251555102496577092e+02
1.212463701344261835e+03
1.124061366258813223e+03
1.711770215214369955e+03
9.911224096699824031e+02
1.197127005052875575e+03
6.045251641995253067e+02
1.038743238302879718e+03
1.806575660507402858e+02
8.045004005654842558e+02
8.320083912745000134e+02
8.532981317090968787e+02
9.925664863586980573e+02
1.076037098609355780e+03
1.622485792113527395e+03
1.012276832546300966e+03
8.879591110934252356e+02
9.949021424562752145e+02
7.547153822773508409e+02
8.923883197909349292e+02
1.048639577486205553e+03
8.719916835271092168e+02
7.652756188735639853e+02
1.460725077597491236e+03
8.383033494634684075e+02
1.300549046554290271e+03
9.125010876333441274e+02
8.906156919991491350e+02
9.009531405306171337e+02
9.035113033063512376e+02
7.443465054594940966e+02
7.241321008784041169e+02
1.679971282916795872e+03
9.294899836912580895e+02
6.920032452418075763e+02
9.066816714097910790e+02
6.504344180654768479e+02
7.174813616782168992e+02
1.207683338281348142e+03
8.393140953824507733e+02
1.117885501717250463e+03
8.945083230781202701e+02
7.925077147317803110e+02
7.763916936067803363e+02
8.110595188456823053e+02
6.438971669136137734e+02
8.638531219611872984e+02
1.132394499094772755e+03
5.737418718038804855e+02
6.867264219017911273e+02
7.630991256666656000e+02
7.120867414804960163e+02
6.090301287715790295e+02
7.847060602558369737e+02
9.033546316808308347e+02
8.998266547171316461e+02
9.346100811207015795e+02
8.477107108705008613e+02
9.128904495844337816e+02
8.440947821739126766e+02
6.875239560207628529e+02
1.125615829459899942e+03
6.760777843642284779e+02
6.495002427493864161e+02
1.016301825407082219e+03
5.779519739714654634e+02
7.896019260326061158e+02
6.911975272676972963e+02
1.067834001475466039e+03
9.034254694368532910e+02
8.996000879410723883e+02
7.114111353852416642e+02
9.451149388338864128e+02
5.028850669219395400e+02
7.182930223961832326e+02
5.753148716814689578e+02
1.450833120007328489e+03
1.205243862961053310e+03
9.547737105317356736e+02
1.051315831353842668e+03
9.017912197769413751e+02
9.596406196476372088e+02
8.160221572869743341e+02
7.182423320064696100e+02
7.313610715678897805e+02
7.978920352178460007e+02
1.048912963981298162e+03
1.221606526158627275e+03
7.187424332672877654e+02
1.212419454319116539e+03
1.758055437534452267e+03
1.090907561400331360e+03
1.273755076550512513e+03
9.667108200903617217e+02
7.423872874540405746e+02
1.182926574222974523e+03
8.825161619115955318e+02
9.174460157514758976e+02
1.312201572242117436e+03
1.151665724141216288e+03
9.242128006555842603e+02
8.054196287368744152e+02
8.958105616711552557e+02
9.817593413696270090e+02
9.507558313407022297e+02
7.542351681760756037e+02
7.465853897937540751e+02
8.274338147013163507e+02
5.884801248749887463e+02
1.413714490427838427e+03
7.946060305436213866e+02
6.223271998311498692e+02
1.236768421049589278e+03
1.097361000781428174e+03
1.251468750274279046e+03
8.172319654801891602e+02
8.289628768871322109e+02
6.923070395551088723e+02
8.581627950667906362e+02
1.224454759820221625e+03
8.061039116227298109e+02
9.385983271153168062e+02
1.714105819308901573e+03
6.342689398865799149e+02
5.680579800408672781e+02
1.152227881374155913e+03
1.171623485498998889e+03
8.726626310865124196e+02
9.435274004255630871e+02
8.155491450001128442e+02
7.521024774027907824e+02
9.215683514870920590e+02
2.670084624771350263e+02
7.531047649437499558e+02
8.659398923069203420e+02
8.343438343527382131e+02
6.348969652779821899e+02
7.743689158798927110e+02
7.450116336217183743e+02
5.918455973373478400e+02
9.439732318821792205e+02
1.312238036237303277e+03
8.098452940441995906e+02
7.485181577557638093e+02
9.370650351406221716e+02
8.960860947535612695e+02
8.564101353293634702e+02
6.497193012652381867e+02
6.061173709341248923e+02
7.977362480928480863e+02
7.947265042645315134e+02
6.856213841104478206e+02
8.876720611262463763e+02
8.311719881925013169e+02
7.835982723654769870e+02
9.120920322727637313e+02
1.045951829235336390e+03
8.442007500050034423e+02
9.118985525000622374e+02
8.825430065854361601e+02
8.986448852077243146e+02
1.075555564188432072e+03
7.639496243454901787e+02
1.134856644265811838e+03
7.024018864622721594e+02
1.026983067000459869e+03
7.971029692893412175e+02
8.694218910044459108e+02
9.230848211544172273e+02
7.796116470487663719e+02
8.359102673042415290e+02
1.526060089455203297e+03
1.166832674090972887e+03
6.118322242793537953e+02
9.831465988283164279e+02
9.801458759791885313e+02
7.985187051228441533e+02
7.756592763734521441e+02
1.093020131465399572e+03
7.402550730315135752e+02
7.591659942261173910e+02
8.241560697591071403e+02
7.976169048408444269e+02
5.981922048100826714e+02
1.105580151446032005e+03
1.045386273261412725e+03
1.294510967228295840e+03
9.329123526017787071e+02
6.194667004008991853e+02
1.097943118173877792e+03
6.747236258050896822e+02
8.644644444064532536e+02
9.551798849880373155e+02
1.042115211759211434e+03
6.307029258525498108e+02
1.112039056708696762e+03
6.256179803387956326e+02
6.676640640744813027e+02
8.689951129791256790e+02
1.122465902039287812e+03
7.063757040667870797e+02
1.089141724649594380e+03
7.515270894390824878e+02
8.872657996192210703e+02
8.588356105514778847e+02
6.258163992483937363e+02
7.346481661378364834e+02
8.176351018644919577e+02
