3.906133701623341636e+01
1.619974937747463883e+01
1.106812073439104971e+01
7.830386068452119375e+00
1.233211645973431736e+01
9.599387422146639537e+00
4.519053627658523453e+01
1.848568253980327825e+01
4.602922802132589908e+01
9.807878591657093637e+00
7.284314101650918971e+00
2.219090686956198866e+01
1.954019215094366402e+01
4.232881156301486669e+01
1.386263241268371083e+01
8.982107280432339635e+00
1.678431773570885355e+01
2.166722222747490179e+01
1.006862158212009462e+01
5.242687151731772133e+01
8.844229074258782930e+01
7.125481625603805824e+00
2.968068521430348738e+01
1.061999270377951987e+01
6.530034089322050761e+01
1.124965060441896547e+01
6.089327300393066622e+01
1.897955038845989506e+01
6.006881706177786384e+01
7.975618802331838708e+01
8.916212502828881270e+01
4.511336803445411192e+01
5.373511861451446947e+01
6.382806795569455716e+01
1.002506389433466438e+02
5.641565634240142657e+01
5.498498620810129012e+01
7.193397292148605970e+01
6.437021654716959063e+01
5.988874833198106273e+01
8.376507442940871329e+01
5.373687965947579670e+01
5.087264796960165825e+01
5.419314043677452730e+01
7.519400055502038072e+01
1.008255380478650807e+02
1.308713266792918830e+02
1.282286776435060176e+02
1.836685518209205270e+02
1.824855569357132765e+02
1.263765299739628745e+02
1.754334439861899568e+02
1.829963245013251480e+02
1.530282514800442186e+02
1.775801728920251605e+02
1.879999254228918630e+02
1.550159929691960770e+02
1.880469072938075499e+02
1.852192565442593093e+02
1.925485995856060981e+02
1.691854762065560749e+02
1.850328720683501160e+02
1.966825283845849128e+02
1.955521549152130376e+02
2.136060840939308889e+02
1.928375078964741647e+02
1.917307167651367763e+02
1.798110992098381473e+02
1.754657833496038108e+02
1.946196106748875252e+02
1.844387184775775665e+02
1.934628286565697977e+02
1.826867429556126297e+02
1.813942323640634129e+02
1.967510365098414411e+02
1.799382739137979854e+02
1.763931552174233275e+02
1.755373067075455538e+02
1.855835416979285526e+02
1.882277094193346159e+02
1.855121399274464125e+02
1.815824980641844775e+02
1.885281253275762197e+02
1.845241787675760463e+02
1.644339057399540991e+02
1.873027425267652006e+02
1.860099068172566206e+02
1.917217149013966946e+02
1.790252593859666206e+02
1.855729266293041348e+02
1.872495600761006358e+02
1.379653766865057491e+02
1.916656352300686024e+02
1.871729925966800465e+02
2.082646514014217587e+02
1.780213486020404616e+02
1.495661690838423965e+02
1.926542846439314474e+02
1.902249728939648037e+02
1.899430506764706479e+02
1.880427676750208548e+02
1.888184488550557205e+02
1.338745126644022889e+02
1.877355001737889495e+02
1.381059948085815847e+02
1.790986611707660927e+02
1.287012196934207964e+02
1.912228644113056362e+02
2.187599330606868193e+02
2.057958655305749289e+02
2.300019459375483564e+02
2.476439167006197124e+02
2.189071687671292636e+02
1.930679211849949866e+02
2.055671239472275715e+02
2.374844785320227913e+02
2.555261862886817426e+02
1.884714721069683492e+02
1.911131144477168675e+02
1.862408974215856290e+02
2.570975324523947165e+02
2.160773905636017105e+02
2.391424023468611608e+02
2.690801965978390058e+02
2.613103485868904841e+02
2.608335842314584738e+02
2.428111263548119041e+02
2.351872107184162246e+02
2.613198047711018717e+02
1.837729145248948157e+02
2.016208881368937398e+02
2.486153297999939866e+02
2.497339853710627438e+02
2.525881924813251658e+02
2.325122317689045133e+02
2.237935530525158185e+02
2.530075659648159672e+02
2.550639790732248287e+02
2.535298789385830673e+02
2.732757643951034652e+02
2.777433302444863443e+02
2.262549946138118742e+02
2.802720497795577330e+02
2.749511921605114253e+02
2.820077055918663405e+02
2.717246677412627491e+02
2.828072094456683772e+02
2.803068207914577101e+02
2.839412809511609908e+02
2.787029394856451745e+02
2.804267004884236485e+02
2.869999852651347965e+02
2.857536520851853084e+02
2.924120106220438515e+02
2.732970326764135507e+02
2.919781834054913361e+02
2.883440357836557837e+02
2.943771673932043313e+02
3.078821945298824971e+02
2.674509126682978604e+02
3.104819909105319766e+02
3.003100244398526684e+02
2.789720838711135116e+02
2.610828317447497398e+02
2.952829100791912538e+02
2.758887715214748937e+02
3.035697087615638452e+02
3.167146402714651003e+02
2.943236867322160037e+02
2.687375049967866403e+02
2.886693246147402760e+02
2.718742560111916191e+02
2.743485219644156814e+02
2.493909946811468501e+02
2.746779430238803457e+02
2.645766165948882076e+02
2.665379228892032302e+02
2.862302967451685163e+02
2.680480747042246321e+02
2.550389087916363167e+02
2.714848079229613518e+02
2.508394397707768064e+02
2.588279733931628357e+02
2.490416314187486648e+02
2.434713471033206815e+02
2.581451136811984952e+02
2.789542660702559260e+02
2.810204460508196007e+02
2.758626275502675185e+02
2.743000166418946719e+02
2.527101431907488234e+02
2.486946611780843455e+02
2.588573220660454695e+02
2.560345291188794477e+02
2.638129896820647105e+02
2.677108484581003154e+02
2.559478587055276364e+02
2.739513955224550728e+02
2.723827362135579051e+02
2.399753138603180957e+02
2.345113305297846864e+02
2.588125185840648896e+02
2.342220127781058068e+02
2.495062855952299969e+02
2.333935839947420732e+02
2.707204943755786530e+02
2.496019334132945460e+02
2.696486768842810307e+02
2.018617604521107012e+02
2.765612284091839115e+02
2.690583278880528724e+02
2.590350822248468603e+02
2.496464270455477958e+02
3.392694378369848209e+02
2.873878375504948508e+02
3.190743589413971222e+02
3.101885362294737547e+02
3.486667142509880932e+02
3.388990487954438890e+02
1.727298138643351422e+02
3.604617913081680740e+02
3.147409559953637199e+02
3.258676062702265313e+02
3.334367908555958024e+02
3.110561703041205988e+02
1.827902994310114480e+02
2.942319557871941811e+02
3.189529965514357173e+02
3.162276214216603307e+02
3.125659498481730338e+02
9.653794590600939785e+01
2.925408851923098723e+02
3.298370009015291657e+02
2.684243189125257345e+02
3.593642497475494793e+02
3.176964808420950703e+02
3.300237114055422580e+02
3.255350339773772816e+02
3.150757681031542461e+02
3.011303544426792769e+02
3.135242244930126958e+02
3.155954162647274188e+02
3.734720689542282344e+02
3.649284208871913506e+02
3.031395311996010946e+02
3.348497987628886108e+02
3.139965045945432962e+02
3.510464753353142555e+02
3.412773636744378791e+02
3.163593340675701597e+02
3.312606794843617877e+02
3.269763849678386123e+02
3.189990512423924542e+02
3.329981899872259419e+02
3.553707417856359143e+02
3.523501746969561736e+02
2.590890947499131016e+02
3.393269950362766281e+02
3.606580574271328601e+02
3.622894897485572301e+02
3.097598581378587710e+02
3.847474416774801966e+02
3.473397930497283141e+02
3.806525418365131372e+02
3.336205574251529811e+02
4.053977336893276515e+02
3.680139635365625281e+02
3.026019374436377802e+02
3.307003596392591476e+02
3.690232794816939190e+02
3.869149278778096459e+02
3.693518136991145298e+02
3.632450842440255201e+02
3.891614475435243321e+02
3.404175933864009380e+02
3.570680046859870345e+02
2.697468561673015870e+02
3.190399575422022735e+02
2.545223981115811966e+02
3.604807145043719743e+02
3.491226384657538802e+02
3.465161578173039061e+02
3.432306677410776956e+02
3.696969295138042071e+02
3.561920577468069382e+02
3.760874539700733976e+02
4.189145766066554870e+02
3.601343638298699261e+02
2.664624384528936503e+02
3.393047317909384901e+02
3.709070556833632395e+02
3.774403648130218016e+02
3.229024381401959545e+02
3.654206780672660670e+02
3.650593955549915108e+02
3.659636415410747645e+02
3.711379977895345519e+02
3.721480807558561423e+02
3.602108237343420001e+02
3.262733580861799965e+02
3.679411429221586332e+02
4.644960759666622607e+02
3.553199416385731979e+02
3.455818756138862113e+02
4.241912465183157224e+02
4.035000646967558851e+02
3.375904492658926870e+02
3.652961452687426913e+02
3.955127353143832352e+02
3.688035586625991868e+02
3.731044244863292079e+02
4.838008366061781089e+02
4.744320058256663515e+02
5.011746284281266526e+02
4.532149515669692050e+02
4.731455305972555152e+02
4.332344077453063278e+02
3.399963606881593705e+02
4.835273969834589707e+02
4.989015270349286197e+02
5.810981498783268080e+02
5.535568236369655324e+02
5.201408825404195113e+02
3.362275942577123828e+02
5.156036820909064318e+02
6.254789464268797019e+02
6.295188385156353661e+02
4.973448253979990454e+02
5.927560219631529890e+02
4.254680590947468772e+02
3.631670600044745356e+02
2.884200378616639568e+02
5.528356590871345588e+02
3.100542966694488882e+02
3.666126283384954263e+02
5.187364932767858363e+02
5.283202549341092435e+02
4.192945256812946013e+02
5.384070199476359448e+02
5.095524397896673463e+02
3.522117421502058505e+02
5.533675063796468976e+02
3.295495687972026531e+02
4.471927504785638803e+02
4.792130151384313876e+02
6.351685672803822627e+02
4.966396901813954514e+02
5.177067647341992824e+02
3.796364578134636645e+02
3.764837681278340256e+02
3.655302864112837256e+02
4.556958025684319296e+02
5.490537549538267967e+02
4.454604389308292980e+02
3.659031064378972360e+02
1.959107236120465814e+02
4.952019556719914704e+02
3.902022018792727067e+02
5.240481794487169509e+02
3.576152550316048178e+02
4.444342543790343143e+02
6.526634333419766563e+02
5.541057843822351288e+02
5.484542046256786989e+02
5.645283150314611476e+02
5.649928988702613424e+02
4.820414816976580141e+02
6.492887305415530363e+02
5.511144134886841357e+02
5.384368338618083953e+02
5.231344702452530555e+02
6.180786500502888430e+02
4.464683239057212063e+02
5.362215449552051041e+02
3.698217001411486535e+02
3.387163360502491400e+02
4.406164073721215573e+02
4.717062488245906593e+02
3.287745517935755970e+02
4.060701080903519369e+02
6.572068624713533609e+02
3.324828962756015471e+02
4.950200406875188150e+02
5.141378698380362948e+02
5.394306333541579761e+02
5.428908287317824488e+02
3.994643761676133522e+02
5.544034437024573663e+02
5.908189291978201254e+02
4.770275919000835074e+02
6.284842477334200339e+02
5.746375754824897513e+02
5.169648941076796973e+02
5.487971293815414811e+02
4.101215536769471441e+02
5.749155973223994351e+02
5.132171236750355092e+02
1.915925203012308771e+02
2.999117978919088401e+01
3.552979115437617565e+02
5.225497177920412923e+02
5.229840291132736638e+02
6.283390239061861848e+02
2.519436119306180331e+02
5.665465266871498216e+02
5.333264126260164630e+02
4.889711760717713105e+02
2.767339035119128994e+02
5.018394474671362104e+02
5.350817306915250811e+02
4.765099177901644794e+02
5.762490122415787255e+02
4.782252380874250548e+02
4.683891875532086715e+02
5.278820639583642560e+02
5.391230396154705886e+02
5.656521548628788878e+02
5.402943983732013749e+02
6.520936752740268503e+02
4.536088985398891964e+02
5.326764627366527520e+02
4.530257425746768831e+02
5.009806530331333647e+02
5.408315692844024625e+02
5.820025301164364464e+02
6.035546174015987617e+02
5.361963231392759326e+02
5.731635332445611084e+02
3.483936751393024451e+02
4.522400338582443737e+02
5.984255776119105121e+02
5.710529044096873577e+02
5.003742942238777687e+02
5.906473147888450512e+02
6.592113152227501587e+02
5.600020110268139888e+02
6.392170720385895493e+02
6.254943445744119117e+02
5.837091175557549150e+02
5.129984807425598774e+02
5.315760395479603631e+02
6.519305716699852837e+02
4.295023066946415611e+02
5.311670192338083325e+02
5.360495625841408582e+02
5.179141557286880015e+02
5.317885011301474378e+02
4.950897431007087448e+02
6.638005892840584465e+02
4.216134118428782358e+02
6.469204914178205854e+02
7.344534375541760483e+02
5.571744866575446622e+02
6.443039953932131993e+02
6.377166341755020085e+02
6.660822742374682548e+02
6.329227165309099519e+02
5.211913558319629374e+02
6.696330458163336061e+02
5.926118243783333810e+02
6.809964439832568814e+02
6.698573572821491098e+02
6.981600027292798814e+02
6.286671267076701497e+02
6.695747824747980985e+02
6.714491913122883489e+02
7.037831252481524871e+02
6.893296321436952212e+02
6.711257488872596468e+02
6.586305230373610584e+02
6.986871396737781197e+02
7.217140597681120653e+02
6.749244743915623985e+02
7.022789509668610890e+02
6.364631377130962164e+02
7.049636457070467941e+02
6.895806405403383224e+02
6.785614394217793688e+02
6.933878081235455966e+02
6.731838865561360308e+02
6.737663225935250466e+02
7.142849938527214135e+02
7.175012113209080553e+02
6.913037243738200459e+02
7.027027798554171341e+02
7.581562968145080958e+02
6.684795952719135812e+02
7.024673003924533532e+02
6.747113476803174308e+02
6.760322622314735099e+02
6.857136265022995758e+02
6.803868543582240136e+02
6.908164001222138495e+02
6.879045519432922902e+02
7.467197653696717907e+02
6.914337855155155239e+02
7.005944835088630498e+02
7.508127080441795442e+02
5.110010336107234821e+02
6.670345190224248881e+02
7.402948068804125796e+02
6.640217218513945454e+02
6.934093840740565611e+02
7.008712485215431798e+02
6.515749257978950482e+02
7.060690634282315159e+02
7.254762426308731165e+02
6.685961379122391008e+02
8.916670879337820566e+01
5.404002767894761519e+02
6.704546465493108371e+02
4.669360016560215740e+02
6.484567399425723124e+02
2.938093609721668713e+02
5.865102125145529044e+02
4.203310259827833306e+02
6.503038682539689717e+02
5.592639345147149470e+02
4.660038022318184403e+02
2.420706994009889002e+02
2.283813767285226675e+02
6.610190405692404738e+02
3.697625033038182210e+02
1.966102836367751650e+02
3.742972294470497445e+02
3.753848359558571701e+02
3.903582487645476249e+02
2.590398770939065685e+02
5.466041958245958767e+02
6.025474227116634438e+02
6.655260256432728738e+02
4.759445415848919083e+02
4.796762192031700920e+02
4.893147604666690427e+02
4.728595509689931191e+02
4.283046767897105269e+02
4.747634070402532558e+01
4.967275838809965904e+01
4.674472359891815927e+02
4.567769540717009136e+02
3.688760101983716027e+02
3.809947574678689080e+02
4.961362906183744030e+02
4.575014221055664052e+02
3.423480668313424076e+02
1.862334509232508424e+02
5.531252877433295225e+02
4.592491923645696374e+02
3.541484512206597515e+02
3.478010720917731646e+02
1.692079429990506299e+02
1.765237944388999551e+02
3.818689694582062089e+02
5.419999480202668565e+02
5.106581837951261491e+02
4.275734545751477071e+02
4.924779955165490151e+02
3.632460577146904939e+02
4.965349712947221406e+02
1.621102198055067163e+02
4.489406675003715463e+02
3.698218344527967361e+02
3.696874014925339225e+02
5.749349103183935767e+02
5.157424041472255567e+02
3.673496652378095177e+02
4.158067660279930919e+02
3.600664389855144805e+02
4.834232157193837907e+02
3.604445766548542451e+02
5.341444683074519162e+02
5.138615244832373037e+02
5.502239457297041554e+02
5.849283292365753368e+02
3.861890759971300895e+02
5.358965621771998258e+02
4.914975675785303224e+02
5.318256081394355306e+02
4.598534338951120617e+02
5.166169622153789760e+02
4.857017937514187338e+02
5.167124524811027868e+02
3.306369089135170043e+02
4.317739328761134061e+02
3.644754333249680940e+02
4.266597469619271124e+02
5.146342992484467231e+02
3.631567285472577851e+02
5.165964072069219810e+02
5.641830322573531475e+02
4.176233188865657553e+02
5.586208068773610194e+02
6.247116191882932981e+02
3.716805530442287022e+02
5.322653418873416058e+02
3.590487377465162240e+02
4.421608918113943218e+02
6.021991662750833711e+02
5.085663142563605561e+02
3.463689357970245624e+02
4.529812627014627537e+02
4.541251890938936526e+02
5.239547170666580769e+02
3.705689123881363116e+02
5.195064304772545256e+02
4.626548544696765930e+02
4.754934349818190071e+02
3.633706274469745381e+02
5.799341794519181121e+02
3.623758471385898474e+02
3.657724858811304784e+02
4.709236585893910387e+02
5.035299592051890158e+02
4.820016021787802742e+02
5.745837866578331159e+02
4.914511749392747788e+02
5.312752759871939361e+02
6.761046602446605220e+02
6.120243687682518612e+02
5.923196295327494454e+02
5.914052909240263034e+02
5.341163788106484844e+02
3.727214424653174092e+02
4.580425385672660354e+02
4.676936817775072655e+02
5.107435448923567378e+02
6.668730784004500265e+02
6.455699712009461564e+02
4.716082205641871496e+02
4.598948934981424941e+02
4.518899361515740338e+02
4.403385438493152151e+02
6.388411771315190890e+02
5.758299894130600478e+02
3.681244162446180326e+02
6.555520811021809777e+02
6.876330729355194080e+02
5.973458568652885106e+02
4.879526840818347750e+02
3.644975293943786028e+02
4.783958065726490645e+02
5.716197833885397586e+02
5.370750292613288366e+02
6.708377798660783355e+02
3.808933412188045509e+02
4.396230803925740815e+02
3.517344012085337113e+02
6.884367704365057534e+02
6.845489304829138746e+02
4.944895392004338532e+02
4.378314692768250325e+02
3.565992097163695576e+02
3.645695351075532358e+02
5.813746922578345675e+02
6.608875086553774736e+02
4.778846981348579561e+02
6.565293640857038326e+02
3.629326589720448055e+02
5.365271333782524152e+02
4.705327838676298597e+02
6.589365591488174232e+02
4.347021427707747989e+02
4.882321042375169213e+02
5.515717465789026619e+02
6.274849383345389242e+02
6.463234553792200359e+02
6.864857841725843173e+02
5.596985810896663907e+02
7.148656342654098808e+02
6.468680802654655508e+02
3.868431337514660413e+02
3.415590409360978015e+02
6.365168066296356528e+02
5.283525421726013747e+02
3.436315742946048317e+02
6.451423035927437013e+02
3.646597965766582661e+02
6.554573905744637159e+02
5.205905840611977737e+02
4.847390833902309168e+02
6.682867009293668161e+02
6.726307629860274346e+02
5.305950476895612837e+02
6.677073251977368500e+02
6.740854078383325714e+02
6.545200103149803681e+02
5.922383525173291901e+02
6.559206535763793227e+02
6.259073198139763008e+02
4.584484002265965046e+02
2.532352117425055553e+02
3.421632089517287909e+02
6.690928065382901195e+02
6.573310599411803423e+02
4.611517746073752164e+02
3.052786093845920163e+02
1.643482235028387208e+02
3.281566170178455764e+02
2.878012922760939318e+02
2.936225829445749582e+02
2.698376056068316302e+02
5.599298892198365820e+02
3.044876174578241717e+02
2.810260307779463460e+02
3.538228445710626602e+02
3.347587609762415468e+02
5.552603534783312398e+02
2.864538238037103497e+02
2.478372188099961875e+02
6.615881741366129063e+02
3.073332880540381211e+02
1.737077910586910718e+02
4.453292409127449787e+02
3.245987170721432449e+02
3.283209908351836361e+02
6.124652342153442532e+02
3.069076432109392272e+02
4.818549243212258943e+02
6.650685275947627133e+02
3.455966784884643062e+02
3.940607130175405928e+02
3.396555900825023286e+02
3.101377967637459960e+02
4.436809440182495905e+02
5.413362580296200122e+02
6.662782738170498078e+02
6.720059812815245550e+02
3.371350079084703566e+02
3.130866476323406005e+02
6.678665480220381596e+02
7.134462032038010193e+02
6.595244108425320064e+02
3.344499616139565319e+02
6.199208549077417274e+02
7.133781330485818444e+02
6.677839080775993352e+02
6.636389900919183447e+02
6.810757926014616714e+02
6.844948582206062611e+02
6.727352000096278744e+02
6.667859443251696803e+02
4.950983115261637408e+02
6.820149312245399642e+02
6.705061094955817680e+02
6.583254968873228563e+02
6.740848162389590925e+02
6.693287647045965514e+02
6.712542541281416106e+02
6.759437131024321843e+02
6.545292633865268499e+02
6.850649395490530651e+02
6.940990481471914109e+02
6.786885613642633643e+02
6.888127078191588453e+02
6.987100430406951546e+02
6.818676356833476575e+02
6.702027252221314484e+02
6.839692221179070657e+02
6.651725353282962487e+02
6.643390406092938747e+02
7.079040173918606342e+02
6.774332317512959207e+02
6.917485009367907196e+02
6.255575342778421373e+02
5.659397276548211266e+02
6.702814961619086489e+02
6.439311760910586599e+02
6.734834901455196814e+02
6.640221862557303893e+02
6.766756124670052941e+02
6.734294160850475919e+02
6.706525215134591917e+02
6.693328705883499197e+02
6.754015450537540346e+02
6.499260605348542867e+02
4.104149722605245643e+02
6.605070705103859154e+02
6.601164449938169128e+02
6.583445821082501652e+02
8.075866343063584054e+02
6.424810602469093510e+02
6.350018867527334123e+02
6.184438126403147180e+02
6.508878237892344032e+02
6.422189091103639385e+02
6.440609767528629845e+02
5.892433021019098760e+02
6.216286383669659017e+02
6.528896159186656405e+02
5.972293924405713597e+02
6.809656594347605960e+02
6.288884918102670554e+02
6.348118453786423743e+02
6.600263917599938850e+02
6.531803152737536493e+02
6.947746668804605861e+02
6.243926400194874304e+02
6.613660229575511948e+02
6.380012032060600404e+02
6.501304101258306218e+02
6.625608813110377469e+02
7.379592779176221029e+02
6.472100610045864642e+02
6.227915026542262922e+02
6.936958338262165853e+02
6.259654493133008373e+02
6.701221031394808278e+02
6.492300641538040509e+02
8.033862511140268907e+02
7.083968508878004968e+02
6.350710644789809294e+02
6.200096981061334418e+02
8.359308305869901687e+02
6.509053907033852511e+02
6.263206009833221515e+02
8.206573617627639123e+02
6.461821455982881162e+02
8.235033060109324197e+02
6.061380766215713720e+02
7.434599809562876089e+02
5.585441798615036078e+02
6.144789467626437727e+02
6.193138062498873069e+02
6.233567615439853853e+02
9.534277251231543460e+02
6.137428175119612206e+02
5.912290938959985169e+02
6.309615477625518452e+02
6.460766544309376513e+02
6.561128928891216674e+02
6.305415034669636043e+02
6.264324307107748382e+02
6.297804895116375974e+02
4.617463416114725305e+02
4.302180378585568974e+02
5.962161168883362734e+02
4.605148940507921793e+02
4.636334268808105890e+02
6.294853355485167867e+02
6.459319204462044581e+02
6.086541678527268004e+02
6.626049969047965078e+02
5.788792827660374769e+02
6.614835281719442719e+02
5.410343877083538473e+02
4.874152688973720160e+02
5.556979215733130104e+02
6.151212281413116898e+02
4.792208163341679779e+02
6.242331148570032155e+02
6.116762549637784332e+02
5.986051658641238191e+02
6.084738860602204795e+02
5.641252115212631679e+02
6.263628187907901292e+02
6.310141208820804195e+02
5.831835587752339052e+02
5.472449633057475467e+02
6.350567739568070920e+02
6.521620205949463980e+02
5.849272544809634837e+02
4.113118007582615974e+02
4.725790470086129744e+02
5.500398029613636481e+02
5.937894799442037765e+02
4.641767456929992477e+02
4.633080110767261885e+02
4.410077987877119767e+02
5.709354289732369807e+02
4.865436230012961119e+02
4.661136188648918619e+02
5.356920553763981161e+02
6.409986404773579807e+02
5.625090347593910565e+02
5.732017223427322961e+02
6.430151416637397688e+02
5.893546522594876933e+02
4.962675328181673535e+02
5.046840417819697677e+02
3.799362752811150585e+02
5.164972600224338066e+02
6.210390705039627619e+02
5.271942588604512139e+02
6.774732756661039730e+02
4.615957036472622690e+02
5.825567177678922235e+02
5.874236635139104692e+02
5.240290465528803452e+02
5.939419102778621209e+02
5.338364356488539215e+02
5.997625573647085275e+02
5.118343812028917910e+02
3.372198898058800864e+02
4.405536347068535292e+02
5.109806226167694945e+02
3.575964969885966980e+02
5.103379648893500189e+02
6.868703525297320311e+02
5.690530140826728029e+02
5.042337717552983349e+02
2.995039975781259045e+02
6.491821015962623278e+02
5.580373264347458644e+02
5.069998701589782399e+02
4.335060805855961235e+02
6.475343776278696168e+02
3.869090656843538341e+02
6.440619961340813688e+02
5.700275050819331000e+02
6.525858543958353266e+02
4.489985340408976526e+02
6.501754487815625225e+02
6.770686553827159742e+02
6.749551694183120389e+02
6.468866750887917760e+02
6.838749012083225125e+02
6.860898496767952111e+02
4.924600605303488123e+02
5.838419035320802095e+02
5.782665087437185321e+02
6.711918628946989429e+02
6.473090517804070032e+02
6.272939682278500868e+02
6.249983800087771897e+02
3.469322146651148273e+02
6.932894508749959641e+02
6.048173849944072344e+02
6.737568036514653613e+02
5.810430321981770021e+02
5.731979973257931533e+02
6.783372345947606163e+02
6.353485637241132054e+02
6.953076941321417053e+02
5.945794693205820067e+02
6.428143466036647169e+02
5.790333179816052507e+02
6.561745492981636971e+02
5.545768244748710458e+02
5.664606359526874257e+02
5.536775399242262665e+02
6.120607563200595678e+02
5.804874727968863226e+02
6.649162731727498112e+02
4.366298617831823208e+02
5.959207691555236579e+02
5.410126480957154627e+02
6.175034363440689731e+02
5.658356298222875012e+02
6.411997003082336732e+02
5.715222331294513651e+02
5.963568928217551957e+02
6.664747614460706018e+02
5.547317190627516084e+02
5.571675217793002730e+02
5.956712241447442011e+02
6.118903352397204571e+02
5.381030225033833858e+02
5.682401858733622930e+02
6.261088280334266756e+02
6.271014508355170847e+02
6.720494290135351321e+02
6.171540262529022129e+02
5.951414740007409137e+02
6.876785707065249653e+02
5.574778407358776349e+02
5.857317607352848654e+02
5.802664031778975868e+02
6.134884865529185163e+02
6.677805678121528672e+02
6.259857724111476500e+02
6.089802007180120427e+02
6.233758699334354105e+02
6.762292192989723389e+02
5.700208272915078851e+02
6.189230736990283503e+02
5.881397764703086750e+02
5.920097126894297617e+02
5.987002674462518144e+02
6.390737786444404946e+02
6.161524539645961340e+02
6.001482693804638302e+02
6.862585059398212479e+02
5.604545845385691791e+02
6.353250811659015653e+02
6.191215128832416212e+02
6.573236778549114661e+02
5.742099676523281460e+02
5.735528982959330051e+02
6.280620195688676404e+02
5.914743230706536679e+02
5.720742639058055374e+02
5.928053331143240712e+02
6.489039031142931435e+02
6.704630621188640589e+02
6.483978077869202252e+02
6.351988967060955247e+02
6.280691706144866657e+02
6.919577776467780268e+02
6.519483705894983814e+02
6.178841655360762388e+02
