7.945476739273918554e+01
8.450172865178345205e+01
7.925711208142959663e+01
8.447566907473168385e+01
8.437028510579646934e+01
8.444715649386029099e+01
8.444796894185776637e+01
8.435343225139290269e+01
8.447042301308732704e+01
8.436987520700942866e+01
8.453033745904413365e+01
8.446105205966509288e+01
8.444309145656713156e+01
8.437606102035860545e+01
7.948711469076695835e+01
1.028791620101826538e+02
1.801127640048138971e+02
9.668707922856714276e+01
9.103298877355730667e+01
8.981006466431603030e+01
7.914670552171274664e+01
7.293788917737693112e+01
6.252910041211193715e+01
6.232334499432130315e+01
6.199970258568711756e+01
6.171064240162510828e+01
6.172455691885446072e+01
6.708629469155133052e+01
7.222710929801830559e+01
6.870979646218215464e+01
1.334611836220188366e+02
9.464845983691019171e+01
1.165139478124436465e+02
1.100308855900312039e+02
9.876541608722749288e+01
1.211289899870596116e+02
1.198861888028372107e+02
1.614208137487438535e+02
1.964428313690595473e+02
5.190019824766792453e+02
3.265606847671188575e+02
3.451016891149004095e+02
4.898301772096141917e+02
5.034523454985747435e+02
3.940067992761520941e+02
5.407848485566025829e+02
7.346154872910817630e+02
7.491385094533545725e+02
4.657876880268568698e+02
6.097348503206702617e+02
4.138874770571346176e+02
6.059529644375021462e+02
7.701950120288542223e+01
7.704467699279601334e+01
7.754384328078104716e+01
7.754761059621283437e+01
7.748921432821833832e+01
7.732415652299195585e+01
7.710010419576090612e+01
7.736064741956484170e+01
7.731318782066477979e+01
3.181946816979180994e+02
3.770898023270794397e+02
1.986707935304497710e+02
3.189780831085552109e+02
3.223161467732785468e+02
1.815270770950301085e+02
1.776470146714797806e+02
1.718360546578107346e+02
1.777760048202862890e+02
1.613948749819285524e+02
2.648068771968891610e+02
3.022314316109874426e+02
2.552970165712554262e+02
1.442792972613289635e+02
2.773524923129758122e+02
3.010993575831005842e+02
3.533150959052180724e+02
3.619574016864863211e+02
2.951165992319762950e+02
3.281651493870556351e+02
3.062041297753423237e+02
3.251374778312285798e+02
2.450117818084370640e+02
1.638606596150988253e+02
1.209054867581803165e+02
1.481611764723596423e+02
3.069652991044549708e+02
1.123680843616597258e+02
1.253295049218563832e+02
1.743191496654365835e+02
1.445138401481852668e+02
3.683443211055809456e+02
2.471076270438942970e+02
3.851170199642813259e+02
2.475502442444597477e+02
1.257979332398765138e+02
1.371041439822957670e+02
1.353210001420966364e+02
1.286009049176088013e+02
1.002085426756813717e+02
8.996766664788660250e+01
1.010605792885251191e+02
8.960311914720217885e+01
1.523209966325462972e+02
8.459188518785310862e+01
9.708802054578944762e+01
2.852207516103175067e+02
6.586478127992252212e+02
4.653232878858590311e+02
3.864386448995349497e+02
4.093713627329419182e+02
4.335496925430139186e+02
4.142241870755033801e+02
4.186469380448897368e+02
4.057230731586537900e+02
4.776281224044931832e+02
4.774008558853291220e+02
3.923512012475208621e+02
6.867318181893278961e+02
4.481224359881115902e+02
5.145976427496316319e+02
4.537039943266090063e+02
4.127421023236958035e+02
3.941620808411238386e+02
3.484840068417532279e+02
3.648024797518248192e+02
3.931599429586690917e+02
3.127360880043249267e+02
3.074441069942361082e+02
3.566986123777930402e+02
3.754057763152426901e+02
3.792530573872575133e+02
3.601033798142865976e+02
4.392568040144619772e+02
4.430064350781851772e+02
4.986841251803987802e+02
3.939943224240178665e+02
3.412129270887441521e+02
3.223460403721514353e+02
3.288468082956906642e+02
3.022533098113532333e+02
2.916450358921088082e+02
2.885380344545190496e+02
2.952420456945392289e+02
3.042089138823142775e+02
2.872831625501978579e+02
2.750320429394733424e+02
3.406953870455988636e+02
3.541662459339910924e+02
3.756257893743657519e+02
4.013870179875326016e+02
3.551350998384774016e+02
3.843575342064452798e+02
4.964974644665863934e+02
3.606032314030739485e+02
3.966937795480951650e+02
4.305329786186945853e+02
3.269771834885766566e+02
3.099015958291213337e+02
3.366743828305615693e+02
3.595987856560886939e+02
3.620181576458082873e+02
3.516613030136765019e+02
3.848464016149534359e+02
3.871033301737194279e+02
3.798355672989407594e+02
3.676349877191034921e+02
3.527565007829747969e+02
3.709273681952553829e+02
4.271411588400155779e+02
4.605377619074780569e+02
4.131548125906151654e+02
4.409770475472923863e+02
4.535805894673943612e+02
4.480409417733686723e+02
5.009470644430758739e+02
3.931740591502561415e+02
7.274080103069395591e+02
4.762556972260325097e+02
6.349625017533356868e+02
4.661919237568923222e+02
4.448613425643986830e+02
3.643132389329679768e+02
3.159272740095062773e+02
2.770099969991133548e+02
3.362251872176813663e+02
2.954694261277719534e+02
2.892973121551889903e+02
2.823470556764120829e+02
2.963201313731485698e+02
2.522372000103150356e+02
3.281265992951146018e+02
2.630360805531719848e+02
3.232453336655785847e+02
2.816855255956617157e+02
2.895381366950043116e+02
3.133807064774121045e+02
3.144792075258849309e+02
3.072557637763467824e+02
3.317437733625612850e+02
4.464315693290854483e+02
3.832717425205680684e+02
5.803396695007254493e+02
5.134500310404141601e+02
5.333509447934103491e+02
3.960273859305590349e+02
9.478174550613058500e+02
4.828799513666923531e+02
3.767529393840669059e+02
4.612604763252425641e+02
4.334552547695157045e+02
1.023749122693324011e+03
4.220720813441394057e+02
4.781015193528504597e+02
4.540343891906169347e+02
3.834393212528524941e+02
5.134064061833039432e+02
4.428854111074605839e+02
5.339886116744471565e+02
3.863318222840272256e+02
4.992909977375660446e+02
6.990878471939954579e+02
4.908139796194810174e+02
5.959635301135193686e+02
4.433457032522640020e+02
3.974122505986685496e+02
6.314005291112340501e+02
3.893096807061904769e+02
3.323892175656641825e+02
3.789781824702279209e+02
6.379576704868463821e+02
4.717958222605944911e+02
3.673065656641380201e+02
4.079130493819210415e+02
4.564582613651417660e+02
7.333035783044454092e+02
6.242630389855587509e+02
4.067297598291426084e+02
4.513709158275920572e+02
3.813308091884168221e+02
3.901205997502190144e+02
5.778271055989766865e+02
5.412598047790443161e+02
4.311542180536634419e+02
5.044197129045886641e+02
4.267688603710251982e+02
4.977656588398514828e+02
3.953578597774483114e+02
6.190339062340407281e+02
3.897952904768561666e+02
4.269787353625695232e+02
5.597745139251785531e+02
5.042901152803290188e+02
5.499373194087462480e+02
4.372248825493685445e+02
4.543183848681772474e+02
7.662807921697510665e+02
3.844523752635415121e+02
4.266376794319865553e+02
4.766991892181291064e+02
3.419911071623033649e+02
4.321604735223791067e+02
3.450627270553007975e+02
4.419070617899669173e+02
4.389466780976026712e+02
4.282997494094134936e+02
4.611281408506375783e+02
4.787587423223416181e+02
3.739867072158602355e+02
5.621048533820137436e+02
5.604946407116868841e+02
3.588343931540425729e+02
4.154000000152849452e+02
3.490696183188372288e+02
4.413278335543972162e+02
6.806781732673193801e+02
2.921469484589020453e+02
4.877740914528436633e+02
5.601311007373866460e+02
3.414524447335222703e+02
3.828504738838344110e+02
2.967662365560894386e+02
1.926560859149621479e+02
3.622477277234310691e+02
4.011291349239623401e+02
3.764831084975557474e+02
5.274871964450580890e+02
3.483985131707028131e+02
4.763556072732413895e+02
3.878721878205556095e+02
4.230511018403241792e+02
6.052253522109228925e+02
3.539312598469401223e+02
5.300263365494490699e+02
5.160938649650480556e+02
7.329167954774975442e+02
5.515006277954994403e+02
5.666821433490439404e+02
6.916411886453050784e+02
3.831041167650390662e+02
4.542265261587036207e+02
4.110963429615366636e+02
3.817485136734804883e+02
4.027552887922126388e+02
4.645206692008116534e+02
8.055792582991663267e+02
6.736636081584615567e+02
4.333364112853461165e+02
3.554861059438943585e+02
3.758420363819476506e+02
3.687587246007753947e+02
3.408418080858775738e+02
4.042715224324678616e+02
3.477849817617059216e+02
3.721797880546099577e+02
5.634788144960029967e+02
4.611888101333920531e+02
4.974447190124018334e+02
4.260531126745511301e+02
4.696197083473620069e+02
6.394682968708726776e+02
4.456328981154612165e+02
4.498831959716171696e+02
4.091472836155147661e+02
4.122890117063818707e+02
3.905052045706233912e+02
4.787594650893747712e+02
4.757689446585184214e+02
3.851506432616705524e+02
4.373182988630096020e+02
3.804076477211862084e+02
3.745398316885344343e+02
3.624020597495324409e+02
4.363380208221198586e+02
4.196209282727616596e+02
5.181717462791830258e+02
4.856311315124906969e+02
7.562138180630296347e+02
4.743136322418599207e+02
3.343536899575383359e+02
3.305312785753185949e+02
3.427441958077690742e+02
3.144995025230321630e+02
3.666774463664668247e+02
3.533962519658915085e+02
3.766484219865477598e+02
4.930810704256572876e+02
3.601005803632790503e+02
3.926301723257671483e+02
6.579991913320764070e+02
6.977314253399116524e+02
4.460188712219058971e+02
5.193409116817330187e+02
4.078930134395343430e+02
4.656095189927279989e+02
3.213990384762064991e+02
5.101154645139293962e+02
3.436380286063338758e+02
4.175748744857569363e+02
3.686725061422694694e+02
3.185157266346918732e+02
3.129485613693971686e+02
3.154068715254364861e+02
3.418280260773184978e+02
3.690309832045107328e+02
3.755861644145477953e+02
3.504622134679827923e+02
3.848084017496780689e+02
3.448663333904690376e+02
3.940484473363175653e+02
4.100235543833034058e+02
4.850515615391507822e+02
6.258878803595446243e+02
5.937896204813580425e+02
5.605603462041683542e+02
3.661034882570472178e+02
3.836036535150082614e+02
3.544029222379323301e+02
3.626902912220771782e+02
3.813994657038059586e+02
3.528274563865442133e+02
3.358709070827877667e+02
3.098257767113614705e+02
3.489284199325469444e+02
3.131232424979573921e+02
2.982888734991009301e+02
3.372938430583311060e+02
3.147459808192332389e+02
3.133236952521278340e+02
4.157179199558968890e+02
3.707172187729800612e+02
4.174213505094159018e+02
3.318951391257744490e+02
4.455748147620183772e+02
4.440234858706095338e+02
4.014871537709770450e+02
5.089797662597100611e+02
3.824131834144142772e+02
4.250335613238293035e+02
3.490163392677793013e+02
3.824940569476307246e+02
3.198000421022351247e+02
3.769116838704206316e+02
3.315640816608996033e+02
3.342176144178883419e+02
2.938391047439571366e+02
3.207117715669132849e+02
3.266697862904338194e+02
2.544119186918889000e+02
3.382239360404400941e+02
3.050413049050034147e+02
3.138923985207053988e+02
3.179332918554789558e+02
2.968147957438704339e+02
3.044671584816805421e+02
2.891657269747441319e+02
2.910209139442093829e+02
3.056540547028015453e+02
3.314338270870590009e+02
3.055902890354542478e+02
3.438790652954332927e+02
3.368653615346046308e+02
3.509433904032690634e+02
3.832564626970798258e+02
3.227011741290390319e+02
3.577277499674445949e+02
3.172729015813210935e+02
3.580381635674816607e+02
3.651285019872050839e+02
3.100711956528819542e+02
3.441021888001051252e+02
3.791469550566597491e+02
3.449581241054460747e+02
3.351584289086137005e+02
2.993598495928113152e+02
3.374281420096868374e+02
3.858608505520706444e+02
3.291176527118228705e+02
3.383592153472458222e+02
3.155788779662587444e+02
3.497202316762475789e+02
3.346040015405858412e+02
3.298740578364073031e+02
3.238844369058314214e+02
2.951335888701577232e+02
3.193460475079198204e+02
3.437052259167492139e+02
3.462124035929653019e+02
3.935114615441430033e+02
3.114290973666746254e+02
3.148071473768598594e+02
3.089318606016316267e+02
3.245026554219594459e+02
4.279215505079496893e+02
4.969192452717131800e+02
5.826918798293550026e+02
4.022594976378348406e+02
5.131265760843332373e+02
4.825116458450259529e+02
7.102144119007679137e+02
3.566221508611480999e+02
3.635830575673758176e+02
3.540390558907610057e+02
4.092266469325710432e+02
3.869860715890743563e+02
3.574790673863807342e+02
4.433710799017526369e+02
3.949531069598353952e+02
4.064169999445625763e+02
3.237495664234964465e+02
4.063752083308082774e+02
3.755581085780492003e+02
4.256679075097453051e+02
4.275442289098047581e+02
6.013600594825851431e+02
4.016691695137774332e+02
4.347066474049336762e+02
5.567939936128489080e+02
4.063763007618052825e+02
4.381379509413817459e+02
4.173910933498142981e+02
3.665801297375169838e+02
2.985691585057751354e+02
3.991751140958278370e+02
4.141083626022096382e+02
3.880179512788470220e+02
4.195002311688377858e+02
3.952134935682242940e+02
4.141991468201052840e+02
3.934414752260697128e+02
4.509006815929553227e+02
4.071046027416380184e+02
6.769458875683827728e+02
4.705633041889080914e+02
5.400234839656593522e+02
4.909284841775705672e+02
5.227320350503518966e+02
3.527551196966011844e+02
4.765627812730731421e+02
3.624349711317373135e+02
3.571335110831512907e+02
4.086956500759622486e+02
3.702391335004069788e+02
3.985499564925910931e+02
3.931808340115949250e+02
5.241300424362044623e+02
3.966966703442257085e+02
4.463077582554498122e+02
4.675302185369804988e+02
4.145041574868606631e+02
3.671029963286668476e+02
3.752532224953896502e+02
3.420909561406892294e+02
3.482670345158818463e+02
3.939154916489798097e+02
5.761310108763775588e+02
3.780919287321715956e+02
3.887780199756975890e+02
3.742078349711381406e+02
3.886448205392807722e+02
4.385974952346486475e+02
3.749476826790925088e+02
3.666595593286459120e+02
5.383045288492146483e+02
3.564320583213733471e+02
4.512985896687372360e+02
3.759680582907838584e+02
4.525330107740711583e+02
3.843121993345768601e+02
4.278831402591782762e+02
4.750546866107906112e+02
4.017687640296501286e+02
6.017298167458558282e+02
4.438799593408570558e+02
3.373273601012051017e+02
6.087395650707619552e+02
2.729281174163036212e+02
3.916257863604711815e+02
7.131162227224562002e+02
4.197348467110941783e+02
4.121798809564328394e+02
3.537893295013683996e+02
5.381709738726409569e+02
4.389325060072193878e+02
8.065866502959547688e+02
4.354504824337490163e+02
4.172789302267754010e+02
4.491337071117923188e+02
5.738811345042653329e+02
3.987622719021199487e+02
4.916744761868612841e+02
4.114636847370211967e+02
4.594696378190294581e+02
3.887443739248684551e+02
4.039497162949046469e+02
4.083241550567305467e+02
4.009040891691325896e+02
3.916190766797262199e+02
4.093130736389489357e+02
7.599302525479364476e+02
3.994403883478799457e+02
4.037656658937250427e+02
4.868411870780464596e+02
3.901496370683527743e+02
4.465437466941912135e+02
4.631320967075059230e+02
3.566465264605662355e+02
5.354823032522209587e+02
5.872877168199611333e+02
4.516182335154255156e+02
5.425729335396086981e+02
3.754477679910135066e+02
4.301028039754583574e+02
4.291892498686376030e+02
4.885318843796414399e+02
4.301209437600393812e+02
4.009819630032811801e+02
3.948232008525936862e+02
3.567935530653270462e+02
3.956473526081376235e+02
4.116531206868831987e+02
4.183751770651261950e+02
3.382706862676924402e+02
3.966935713579742355e+02
3.513852838017040199e+02
3.938956197802409633e+02
3.539678640045525526e+02
5.248494315114988922e+02
4.029814623945304106e+02
3.873129381295825624e+02
4.266205945972728841e+02
3.787122056588092960e+02
4.282529963231433499e+02
4.715604705113431692e+02
3.736722767493214974e+02
4.202525654250403022e+02
4.568915755286954550e+02
3.549159402919157174e+02
4.698721203027220668e+02
3.978301626450273716e+02
4.636198413401708649e+02
4.907532453531450756e+02
6.424123735095454322e+02
4.331753803283411912e+02
4.253414407690160033e+02
4.885333270569994397e+02
4.690970290819652746e+02
5.865709512825551428e+02
4.142154708196802630e+02
3.879051034108592830e+02
5.023722287289853625e+02
4.481021354671173640e+02
7.588682590257693619e+02
4.341172636453319456e+02
4.172504339863926930e+02
5.341089176603071564e+02
5.806457077008066108e+02
5.311069706451135062e+02
7.001362634853961708e+02
5.895898598293138093e+02
5.248374471038993079e+02
4.742988440901417562e+02
5.247701264504805749e+02
5.096056335634242487e+02
4.291898980723731256e+02
4.072968167117937810e+02
4.051789482834525984e+02
4.683257987227821104e+02
4.038615667274078191e+02
4.590902718385705725e+02
3.670557768437212758e+02
4.105175690120539684e+02
4.414776845197405919e+02
4.573204213485342393e+02
4.364234377415891117e+02
4.477650416124741355e+02
3.767275219677235896e+02
4.313166242946066404e+02
4.380992330275662425e+02
4.067566031451692652e+02
5.159463437606002572e+02
4.988937655563589146e+02
5.250158279414740718e+02
7.209840664614249590e+02
4.686674814376468703e+02
4.485272638969083800e+02
4.558903425066313275e+02
6.957966788481211324e+02
5.633927098203645301e+02
5.759410685132399976e+02
4.925735930565704166e+02
5.112088154577247678e+02
6.516163988859631218e+02
6.404835986245104777e+02
7.043850065336998796e+02
6.198803647893502102e+02
5.044758807529421460e+02
4.812015286888344008e+02
3.652147789575392949e+02
4.745677234603313082e+02
3.522134311494538679e+02
5.371908421004494585e+02
4.413219389668856820e+02
7.984343383820055351e+02
7.076400163640676055e+02
4.170527621314181488e+02
4.741512014734585136e+02
5.236345934803081263e+02
3.952804003742417649e+02
3.680207299721897130e+02
4.350442601331486685e+02
3.491062943847124984e+02
4.220504275934416683e+02
4.020709397857233967e+02
5.836260465494091250e+02
3.209828429376694885e+02
3.252746459731775417e+02
3.873927414518699948e+02
3.265311773834878863e+02
3.099978572981250977e+02
3.182982564907216556e+02
3.249668909982340210e+02
2.969062418533057439e+02
2.856408067318278654e+02
3.579662938841552204e+02
3.138762265216766991e+02
2.968026261399339774e+02
3.232266130664672801e+02
3.228706727063178619e+02
3.697788730729186000e+02
3.916477340900252102e+02
3.554880737431108173e+02
3.982489212916852352e+02
3.717752068080371828e+02
4.358518079641963823e+02
3.903796601869641449e+02
3.554910262341247744e+02
3.532648630293509768e+02
3.617411315958759133e+02
3.410472885973693451e+02
3.284902060396127581e+02
3.879549242534996552e+02
3.490173587598674771e+02
4.230677280448060174e+02
4.264612061487540586e+02
3.828718655762924641e+02
4.151036807935969364e+02
3.661893026455926474e+02
5.392837958867147563e+02
4.074556261223930846e+02
5.196180558636762044e+02
4.815339703016210819e+02
7.424147625052337389e+02
6.889190420069661513e+02
5.516227522610769256e+02
5.700604709169627995e+02
5.465577023479009995e+02
4.260472717281448354e+02
4.423691639197067502e+02
5.828875483219409261e+02
5.419677484288856704e+02
7.527892879054021478e+02
3.455935968753836391e+02
4.174592785077801409e+02
4.188155465539188071e+02
4.284545427562188706e+02
4.525240611580161953e+02
4.338449356854886787e+02
4.375020962442561654e+02
4.139607320581461636e+02
3.899804604485806863e+02
3.743521064046584002e+02
5.013166457075062112e+02
5.367466381912969382e+02
5.607267069260398102e+02
4.196356120829948395e+02
4.567066990514883855e+02
4.351886870643079988e+02
4.132523556904412771e+02
4.556821936003544806e+02
3.856452422507703091e+02
3.908517593585318650e+02
4.957574070428655091e+02
4.046546232663448563e+02
3.137183853181609265e+02
3.808799732377565306e+02
3.566929862670429543e+02
3.736814885606930261e+02
5.714100466072668496e+02
5.036613309728219861e+02
4.412507530311484629e+02
5.500330821867014492e+02
4.119513229666998768e+02
4.729920627875036416e+02
3.452813294945025291e+02
4.587020746585528173e+02
4.699439781045829250e+02
4.361152106410895044e+02
3.878534924572848581e+02
3.964678773014599074e+02
4.469143439753173652e+02
4.451302298953751801e+02
4.213054424030206633e+02
5.487535556599424353e+02
4.424150104969257882e+02
3.877220193425041543e+02
4.717743508716170027e+02
5.183763522076006893e+02
5.726039482964814624e+02
4.254165198036019433e+02
4.837869111398111386e+02
5.497703999899683822e+02
5.727480475953043424e+02
5.922397490544608445e+02
4.360233799773281476e+02
5.225583002447026502e+02
4.501203665319327456e+02
4.882366666035203480e+02
5.826640997825896875e+02
5.713683480640969492e+02
4.334386077948265097e+02
4.844018716097280617e+02
4.499109780679119694e+02
4.992049469689336547e+02
4.729720455229031586e+02
5.046890334969079959e+02
5.107382292947308997e+02
5.245146751431797156e+02
4.009504729819525437e+02
4.860905164916795798e+02
7.264551383447554826e+02
5.489381237506920570e+02
5.331514030928951797e+02
5.410425230661350042e+02
4.814701515580458704e+02
6.316937745248214924e+02
4.489259962103658381e+02
5.137124663066917947e+02
6.773261462171055882e+02
4.190712902241213555e+02
3.910013859031635661e+02
3.800224840970504943e+02
4.043756887868817671e+02
3.666194760921679290e+02
4.588955134725051153e+02
4.272233067786939955e+02
4.215444983689316132e+02
4.636226233316378966e+02
4.481467032615690300e+02
4.193776934969951640e+02
4.123676634328758155e+02
4.042122803392559831e+02
3.697802417368673105e+02
4.157768551405737298e+02
3.381993940378565640e+02
4.036608673243536032e+02
3.618687645990598867e+02
3.560021764384692915e+02
4.064092278532136220e+02
2.896768568526088643e+02
3.944985375391894422e+02
3.357836113913887743e+02
3.859993764132294700e+02
3.757727251239342650e+02
3.983564863397339764e+02
4.105056843108031330e+02
4.351731868696118681e+02
4.168373941005831966e+02
4.654810914092371377e+02
3.747621735358874844e+02
4.639208904774172879e+02
4.767879543029763454e+02
4.488014484763433529e+02
4.754731587777289974e+02
5.182578702384773806e+02
4.518841355388013881e+02
4.772693073049949817e+02
4.476280696739387395e+02
5.333101069931308302e+02
3.482794491555059722e+02
5.051483666696565251e+02
4.314585618761313413e+02
4.996198423128352601e+02
4.833202918799952954e+02
5.431360367255283563e+02
4.114918809967342099e+02
5.687331908568799008e+02
4.535969631618567064e+02
5.552975048838973180e+02
3.710141927410170410e+02
4.718542236694268013e+02
4.888413389329339225e+02
4.964023619941881975e+02
4.977864330321331181e+02
4.985689622645953136e+02
3.660048957072577878e+02
5.441365666524693552e+02
4.597161787755831028e+02
3.926507886947926522e+02
3.796105057808532024e+02
5.959140740843937465e+02
4.009647984995340266e+02
4.288397657106499423e+02
3.960755374203430392e+02
4.626372396626984482e+02
4.353176948831511481e+02
4.817995836443651569e+02
4.336111559206755715e+02
4.996335935663408918e+02
4.142599803557122300e+02
4.650633459364095188e+02
4.836210260490635733e+02
4.838205513651996625e+02
4.337448638799144192e+02
4.760656128842657040e+02
4.807563670964877929e+02
5.405358747711278511e+02
4.926730533548974336e+02
4.469540894978565575e+02
4.557618584830519808e+02
5.041788547309419073e+02
5.062741430957995021e+02
3.818164347633752982e+02
5.643839430670764159e+02
5.904369053620191607e+02
7.473321359803635460e+02
5.155168579460804494e+02
4.487352792659988836e+02
4.255768425754695841e+02
4.873455454916265239e+02
5.313925763675281360e+02
6.375500294740363643e+02
4.092946412230261330e+02
5.643843837010140305e+02
4.306424894224090281e+02
4.116693749972011460e+02
4.391482162142558536e+02
5.179758543163559352e+02
4.784592261388785914e+02
5.166670231100387127e+02
4.282709893660665443e+02
4.043087394652338844e+02
3.389290569721543420e+02
3.778060300297813683e+02
3.231924536235628125e+02
3.482164155554254990e+02
3.330034740335846664e+02
3.265342159799496358e+02
3.537433995105440658e+02
4.260203923990661110e+02
3.658538531712645181e+02
3.452240188064823769e+02
3.791858655639506992e+02
3.795048877214106255e+02
3.745494739655275112e+02
3.402350414852562039e+02
3.477533096940210271e+02
3.364728493459399488e+02
3.344877568301897099e+02
3.386326244860874226e+02
3.572139333934312049e+02
3.271849307855972029e+02
3.239890356979201442e+02
3.618699804247489169e+02
2.954321250045252327e+02
5.885881901865898271e+02
3.802561114677959040e+02
3.823388474454761194e+02
3.891040633652417000e+02
3.285817118070790457e+02
4.054772531093817065e+02
3.473337619931112954e+02
4.281306172199504090e+02
4.642155342953583954e+02
3.967764601184532580e+02
4.686443359200867462e+02
5.294819962699230018e+02
4.828653437448323302e+02
9.075179402632095389e+02
6.572966105452796910e+02
4.886189203864839214e+02
4.867430924001326957e+02
5.663686589340893534e+02
4.878478906483435367e+02
5.447986765982975612e+02
4.399624127344616227e+02
4.702284861868288317e+02
5.302802910728216830e+02
4.233913390764666360e+02
4.277968001296725333e+02
5.183283746331012480e+02
4.433725134938505903e+02
4.018515871939254680e+02
5.883099717900295218e+02
3.704911299117787848e+02
5.148820181671298997e+02
3.713761840502859286e+02
3.751881642849357945e+02
5.341697474073463354e+02
4.535726345114977107e+02
5.147363216506046228e+02
3.893367386110701318e+02
3.852509529330950500e+02
5.418988330299720246e+02
4.526035546485848045e+02
7.905701102670237788e+02
4.578896468007746421e+02
3.188807756962361282e+02
4.587813425408008925e+02
3.415575681444625502e+02
2.352028929374426127e+02
4.003519661124175855e+02
1.006543720352539822e+03
3.868933970029394231e+02
3.568423268455732114e+02
4.113866830136159933e+02
4.222674827558022344e+02
3.823257545892999474e+02
3.600114933484502444e+02
5.858301740661717076e+02
7.230152346819382956e+02
5.315185008207140527e+02
5.290081637522025630e+02
3.959916348887869617e+02
4.303197417582629782e+02
6.572473999064337704e+02
6.178799606280596208e+02
6.061436369334317078e+02
5.617931641864230414e+02
5.156793854305448122e+02
4.724694914773995151e+02
4.953058880134148581e+02
4.047567937509439275e+02
4.228218430907355696e+02
5.149661300129171195e+02
6.693767539211518169e+02
5.593271521543121025e+02
4.196283748922540440e+02
6.426433353735449145e+02
