2.317619842862558244e+02
1.296336457547313614e+02
1.434640211883378242e+02
1.887845275371452374e+02
1.884317493667651036e+02
1.893312951587768680e+02
2.606057161177638477e+02
1.191718576529998188e+02
1.664995783687870698e+02
2.552857998784851077e+02
1.515910985218405926e+02
2.432222278922725991e+02
9.576805870406846566e+01
8.064094664373811838e+01
1.174583045776349479e+02
7.550831158944606614e+01
7.585528827350111669e+01
7.564088682822378473e+01
7.596623799493951879e+01
2.667439364441369207e+02
7.396698439060106978e+01
7.110942189254730295e+01
7.092952633306036603e+01
6.623166339015682524e+01
7.087148771375916567e+01
6.622439204317738870e+01
6.605370277995073991e+01
6.623084814329253334e+01
6.624610228559365055e+01
6.608115256426778217e+01
6.627396366166021835e+01
6.636412167657705652e+01
6.602089333665945503e+01
6.635737383860541172e+01
6.607580063041899621e+01
6.639276038131507107e+01
6.603926703509723950e+01
7.104917068670826552e+01
7.087654669526573059e+01
6.625597919593299423e+01
6.615187319821527012e+01
7.090308561911685103e+01
7.085871524640540997e+01
6.613936136928666087e+01
7.098742548573351030e+01
7.094496497196089990e+01
7.107285966311300740e+01
6.619982866134009214e+01
7.108335443933096087e+01
6.633940139911605627e+01
6.604031341168116853e+01
5.688227542362202627e+01
5.654394947845602815e+01
6.139449182646017533e+01
6.165085119684832193e+01
6.614738720272073635e+01
6.607673652909004147e+01
6.603541814153675205e+01
6.603765044006436824e+01
6.614776617569955874e+01
6.621591533807928442e+01
6.626898313302046972e+01
7.090543934818165894e+01
7.073090993714355079e+01
6.607121349918460851e+01
7.106028204892452038e+01
6.611966323824361780e+01
6.636536692020358430e+01
6.629101352088495958e+01
7.557195610371478267e+01
7.543520581107460998e+01
7.558007180047998474e+01
8.201689461382927959e+01
8.626826298551888783e+01
8.214754699531893323e+01
8.250146134773514461e+01
8.255767027834446026e+01
8.225547885038301388e+01
8.235405608198713878e+01
8.257172821702617682e+01
7.777110202852550458e+01
8.224141192848148307e+01
8.178137607118624430e+01
8.268812515661262807e+01
7.804894638483776248e+01
8.186256992251693987e+01
7.569037949554200395e+01
7.577911760440163391e+01
7.569580354352180507e+01
7.548782735252768816e+01
7.561243940807521824e+01
7.573864252949655906e+01
7.580905351647872692e+01
7.589399441894849474e+01
7.549807003262043281e+01
7.574337479699232745e+01
7.552674619613111417e+01
7.576216741420068956e+01
7.569378566033257982e+01
7.561999322306833449e+01
7.558781046400791581e+01
7.588580470341302942e+01
7.545578295005044822e+01
7.571565590515874078e+01
7.564657160122125390e+01
7.553102752158517319e+01
7.564410904886652531e+01
7.562397521773334574e+01
7.560924786348365956e+01
7.584705854919768342e+01
7.587156931168478025e+01
7.579129476306690094e+01
7.554667008452049970e+01
7.546263186138475021e+01
7.546426973299787733e+01
7.589120194575517075e+01
7.579033110791500860e+01
7.553054807648047131e+01
7.576445455592218536e+01
7.584358278665588671e+01
7.544133246518173053e+01
7.070476960823656043e+01
7.570888569695628689e+01
7.078255231547785797e+01
7.561318649875423148e+01
7.574744883456020261e+01
7.561191159648679161e+01
7.112849517854684223e+01
7.579113523140284769e+01
7.557591831217345657e+01
7.580527602068613646e+01
7.576184421772774158e+01
7.585138196261907240e+01
7.574231512213856377e+01
7.578474510815591714e+01
7.559818385285836939e+01
7.092251625078317545e+01
7.547378238523809557e+01
7.581128849031819072e+01
7.566776365812529548e+01
7.542895655706078628e+01
7.575187124627696278e+01
7.586365645310787897e+01
7.550456552454321013e+01
7.567691862074927656e+01
7.562746957571752660e+01
7.100192362271192792e+01
7.582161740529713256e+01
7.583564210145054574e+01
7.581943182535951564e+01
6.636713427611428529e+01
6.637101666373143871e+01
6.606551836037654368e+01
1.294336294476517253e+02
1.073005473988676926e+02
1.185073138578364649e+02
1.177288890562679171e+02
1.078393953956536393e+02
1.124171672632178911e+02
1.180959569519455812e+02
1.083407295591395751e+02
1.178252481435866628e+02
1.178489742079840283e+02
1.084022642336572773e+02
1.125405194960766835e+02
1.077646663228111237e+02
1.073256200499248934e+02
1.025929686300326154e+02
1.022132350402706322e+02
1.025040493977873979e+02
1.027967233052127654e+02
1.077869143642012517e+02
1.122312967805602284e+02
1.023232812893386665e+02
1.023898329757755192e+02
1.069881434992753242e+02
1.021638262156265142e+02
1.070428421988368655e+02
1.074890929772068517e+02
1.075591866002898485e+02
1.132817162234310331e+02
1.183302001022910588e+02
1.126979322685120479e+02
1.125778039131634500e+02
1.083743936739294753e+02
1.025854109963311203e+02
1.132419708502188769e+02
1.078096914147127023e+02
1.078222844210993827e+02
1.072813493289971802e+02
1.177053004563538821e+02
1.077891388479170871e+02
1.179359265355745947e+02
1.136145627729112562e+02
1.124713448342775166e+02
1.135103753050941293e+02
1.176303311775597251e+02
1.132830164121584033e+02
1.128355664509290364e+02
1.182277562441982326e+02
1.129770201051334766e+02
1.179524941476321800e+02
1.096365759929184236e+02
9.800251119689528423e+01
1.079218819870713588e+02
1.077808917198888139e+02
9.271565598002652564e+01
9.256078315592563399e+01
9.776717674722661400e+01
8.740801576777886339e+01
9.322921187723704861e+01
9.284767337737640958e+01
9.809088860088940010e+01
9.812263078287639928e+01
9.290878431042337127e+01
9.894892315941683592e+01
9.954207187135158108e+01
1.050455007209522051e+02
9.343472397240282135e+01
1.051107317844639084e+02
9.818099171948060189e+01
9.845616516709195309e+01
9.827508864337697503e+01
1.039295570516426466e+02
1.035627351786624502e+02
9.839105897243749155e+01
1.099363750522957872e+02
1.043360704765071745e+02
1.039754295799131540e+02
1.040801154022919235e+02
1.269578359152319820e+02
1.100128129123632590e+02
1.041375909704176053e+02
1.036684204395812401e+02
1.038089093605298956e+02
1.040879855914217700e+02
1.038491987586037908e+02
1.031053647687160861e+02
1.088078206726878108e+02
1.139834051558685672e+02
1.136015124512211827e+02
1.085168112170989758e+02
1.126234892827768732e+02
1.133512230071801383e+02
1.075542736697861983e+02
1.133004881909322705e+02
1.125720903449912811e+02
1.234375800112377135e+02
1.130853737659708287e+02
1.223614260490629988e+02
1.127445339346644317e+02
1.124267150446659826e+02
1.286782205459924455e+02
1.230988385305012258e+02
1.232735062863959001e+02
1.282083989282699577e+02
1.131144777698560659e+02
1.129368945606797183e+02
1.224443044167275616e+02
1.174564861108981120e+02
1.232273561705088269e+02
1.129547649360980728e+02
1.230973014021526097e+02
1.175440667524588463e+02
1.225358541874795009e+02
1.125201112518632982e+02
1.283309249280072208e+02
1.181632445399314122e+02
1.173593709566535210e+02
1.116654696592812144e+02
1.127320918713184028e+02
1.176504291507980327e+02
1.123634860350889966e+02
1.223009192560200518e+02
1.127143435162134040e+02
1.228199121747059905e+02
1.123473776635636057e+02
1.130484314951513483e+02
1.179912177778202107e+02
1.182541101326207666e+02
1.227112425242602285e+02
1.184212932224888277e+02
1.125156355763116238e+02
1.172597683733384883e+02
1.179140429971788677e+02
1.181880181046767575e+02
1.236509505702508562e+02
1.180948002215131964e+02
1.128085017925165232e+02
1.121041794250509724e+02
1.177404241448304276e+02
1.183098148519571851e+02
1.232345947042567644e+02
1.124303066176000812e+02
1.179747538201450112e+02
1.177439417267208341e+02
1.174771282088325250e+02
1.227030129145975081e+02
1.124334317699748169e+02
1.231171055038356599e+02
1.233577887482682769e+02
1.122584078000064096e+02
1.127948041793390246e+02
1.279033715131690201e+02
1.178803237504297670e+02
1.176761453090536662e+02
1.173414778475046916e+02
1.075060947508980718e+02
1.123583725012324948e+02
1.235431274382560503e+02
1.122935615270465775e+02
1.128037467409253907e+02
1.172935018368446123e+02
1.178584947253939816e+02
1.076192882351810738e+02
1.072443978499588155e+02
1.230639232040083613e+02
1.129377971703925709e+02
1.066314502285708841e+02
1.123878278218183056e+02
1.121122398601180663e+02
1.173921661016216689e+02
1.179327748284352424e+02
1.234979658528619666e+02
1.228331352879332599e+02
1.179677736468746048e+02
1.125863105597757254e+02
1.177363965838996478e+02
1.119035395982349002e+02
1.127381439002338936e+02
1.120696919793956994e+02
1.123351680172253566e+02
1.284634741535454907e+02
1.119112846893953304e+02
1.073878224535846613e+02
1.075566936978337935e+02
1.176327363052501767e+02
1.125475014686970496e+02
1.127916662460767299e+02
1.074308967796235947e+02
1.067481145108177003e+02
1.179123532944899182e+02
1.070483579371423701e+02
1.177448185593836172e+02
1.176214727411773566e+02
1.122771734206592242e+02
1.178718184526127999e+02
1.171139479898571949e+02
1.178448202215748921e+02
1.080731352558098024e+02
1.222024529691666714e+02
1.177430933525949683e+02
1.124426216441977573e+02
1.181180955778989699e+02
1.073253233731176124e+02
1.176208662495594410e+02
1.173619772925773503e+02
1.229861715644795765e+02
1.120725068527001724e+02
1.172609786600839499e+02
1.171914105870456382e+02
1.123261372927314454e+02
1.120310318435990382e+02
1.124712770963513435e+02
1.071759993087185308e+02
1.226465684187641045e+02
1.222142316195897678e+02
1.172896128986637052e+02
1.069003434392319178e+02
1.125074656362082095e+02
1.180175367855753308e+02
1.122257752795981958e+02
1.126111324757625454e+02
1.127962734461957552e+02
1.125605238758048614e+02
1.119602289341533492e+02
1.219948365313269392e+02
1.122636578407186647e+02
1.124449667213435475e+02
1.125468112087351216e+02
1.128048428006583208e+02
1.276868348923215137e+02
1.070038285366738933e+02
1.183035039682494869e+02
1.226448333756966775e+02
1.169443642516408204e+02
1.178993482599594387e+02
1.122141743843170048e+02
1.230508049091928058e+02
1.224512812113667053e+02
1.219913959986659648e+02
1.165594980934712623e+02
1.068370322639837582e+02
1.180044520526403034e+02
1.126865934567136520e+02
1.072191039414543070e+02
1.178940045022611116e+02
1.123816383184236116e+02
1.175483965808077755e+02
1.169051853992413612e+02
1.117208702232803148e+02
1.122639975795045046e+02
1.168557933185673079e+02
1.118710152310690233e+02
1.114946810309066052e+02
1.172335905341535636e+02
1.115853943977520260e+02
1.067407679905581404e+02
1.118041954357721721e+02
1.119512844959972711e+02
1.113063761978223880e+02
1.116056228410904794e+02
1.065359088846594773e+02
1.064640464374161155e+02
1.063114587145408763e+02
1.066383044997399736e+02
1.164450813506973645e+02
1.114934760258752107e+02
1.170026104139792835e+02
1.118747061671210759e+02
1.117273822431260157e+02
1.061750374741016429e+02
1.122543749044835693e+02
1.170806518609624618e+02
1.119316752794247378e+02
1.113497607614274472e+02
1.116395257459751491e+02
1.070640307562019728e+02
1.120005751171051998e+02
1.120261776565277074e+02
1.064831864943600124e+02
1.070295991060934711e+02
1.008939588612291516e+02
1.016233853637618125e+02
1.019851464086018638e+02
1.065213738232643976e+02
1.122241794328429449e+02
1.118334756894579698e+02
1.065645367640645134e+02
1.122523078026206775e+02
1.062842301541653143e+02
1.122298812357939397e+02
1.118856827111320484e+02
1.066411962589762084e+02
1.072799263918734880e+02
1.120620068074842095e+02
1.116176285247407662e+02
1.017898129554467346e+02
1.067587074623550905e+02
1.068762466005319851e+02
1.114456100977485136e+02
1.172958969645418108e+02
1.123898678425886999e+02
1.172654474276117469e+02
1.063340553913812414e+02
1.218898540287778758e+02
1.162294210464070119e+02
1.062829135009088048e+02
1.218903846190925577e+02
1.162003344872143629e+02
1.116535918803584906e+02
1.123649857926420452e+02
1.063625708954909186e+02
1.117706109991196257e+02
1.178228710101178933e+02
1.069850080537913755e+02
1.068549490055329727e+02
1.118252427535669824e+02
1.119473797251335014e+02
1.063417284796098556e+02
1.122372747104685686e+02
1.123470957504277834e+02
1.118815375079548460e+02
1.070026238409735129e+02
1.115490263116633969e+02
1.123410686282621924e+02
1.067361150942586363e+02
1.121052554861482662e+02
1.119805871146973573e+02
1.063593473293502001e+02
1.122451503274506024e+02
1.166816672791211147e+02
1.116389794609470982e+02
1.174785293407784224e+02
1.228587165627956495e+02
1.117549958991524051e+02
1.167732146507137543e+02
1.174616352378726987e+02
1.064662734908041131e+02
1.171715282435918368e+02
1.117138225459930965e+02
1.169429009566636211e+02
1.121513529953489723e+02
1.121644442352788360e+02
1.122273580401488289e+02
1.224264703086987538e+02
1.121826282492788351e+02
1.127716091919305939e+02
1.113953331268124316e+02
1.222196392416890944e+02
1.116816994752255567e+02
1.169829064162932326e+02
1.163994257048513958e+02
1.122079322490681079e+02
1.171620400028090074e+02
1.114529239630383586e+02
1.068224285923254939e+02
1.115362247648337473e+02
1.118446985115435552e+02
1.167805822375051008e+02
1.226342753494515989e+02
1.229695995833575637e+02
1.116306068093320221e+02
1.117117249841376463e+02
1.125627683716753751e+02
1.175325711729422267e+02
1.127446633602866655e+02
1.119955622257191834e+02
1.168708189797593207e+02
1.118855310062505310e+02
1.172513106643443592e+02
1.111786518861107282e+02
1.216050359401815797e+02
1.173648225551154525e+02
1.172829392335713550e+02
1.119657443283326757e+02
1.121601095174512750e+02
1.071267270259973969e+02
1.116365490363399715e+02
1.173011868430488960e+02
1.064737935146159771e+02
1.068176554125485040e+02
1.067390911676340863e+02
1.072142771928486411e+02
1.172654209684385194e+02
1.123007493716014409e+02
1.173934636435716783e+02
1.121493694504744099e+02
1.177150591494849152e+02
1.168907342415735116e+02
1.121394462882378349e+02
1.123600379078214928e+02
1.169283458509494125e+02
1.119442242426757730e+02
1.223433404026507390e+02
1.170137257935722204e+02
1.118759398521061428e+02
1.120895538245702170e+02
1.165933676886388213e+02
1.228357383613630418e+02
1.062745058553504833e+02
1.128573236054774611e+02
1.172593632514338111e+02
1.071220282123932606e+02
1.121590111658612017e+02
1.173351378115538495e+02
1.121614873057298780e+02
1.117861604964948441e+02
1.072338487199242678e+02
1.230667069621196958e+02
1.124315695796534840e+02
1.232261586300698042e+02
1.173933453854127151e+02
1.226011005362852586e+02
1.225388990026679750e+02
1.180186874527759215e+02
1.126656850255147759e+02
1.179246069772811722e+02
1.178477094006610457e+02
1.123478431807242401e+02
1.181222250026437024e+02
1.077190668080475291e+02
1.121996226821789833e+02
1.174553060412719105e+02
1.234019769557834110e+02
1.068338516984443771e+02
1.172113593083673919e+02
1.071483731806369519e+02
1.169868734278351639e+02
1.126334953076765402e+02
1.181025234347853825e+02
1.181805458732475245e+02
1.234006559179444906e+02
1.072641355868792346e+02
1.231266889997332896e+02
1.238110592187351102e+02
1.074968381882118962e+02
1.123699493306256159e+02
1.228696053786040352e+02
1.126270837742248716e+02
1.177848411858322919e+02
1.172898137457466987e+02
1.176549003767294579e+02
1.177463927544115734e+02
1.129016097401802483e+02
1.174694718346009665e+02
1.226425677622031429e+02
1.123919337489997616e+02
1.076060448674269310e+02
1.071380045470907163e+02
1.122321800921048691e+02
1.122946813174804959e+02
1.118755517722022290e+02
1.173686418560556177e+02
1.169824340519538026e+02
1.131200740433995122e+02
1.227090976467612933e+02
1.178247855259981662e+02
1.178182698541366875e+02
1.180278872565073982e+02
1.183218199573560554e+02
1.124880943259811517e+02
1.173007717582487999e+02
1.179002542439032482e+02
1.173627195165528434e+02
1.076337211535873308e+02
1.223110537396773339e+02
1.120542161325392101e+02
1.174289027807182606e+02
1.174142575077262336e+02
1.172171607300951877e+02
1.225364094397695851e+02
1.126706759052160578e+02
1.065076801280367249e+02
1.124826576920872867e+02
1.223342261146673451e+02
1.074495742562971543e+02
1.130486872630104926e+02
1.121403825805452215e+02
1.075384865017163776e+02
1.130481767385062426e+02
1.127767953541011963e+02
1.071578846944969143e+02
1.176504117632596831e+02
1.125548405221035893e+02
1.230213706637614877e+02
1.218955330583119689e+02
1.128639291418309654e+02
1.186682026576386733e+02
1.125018549514566786e+02
1.119838837496909036e+02
1.231788451812204244e+02
1.172849982463405496e+02
1.129056744601872140e+02
1.127556746663067315e+02
1.177961245284374741e+02
1.121271382705344735e+02
1.179349884133173418e+02
1.173301004987730778e+02
1.075333310616094309e+02
1.229759680069113017e+02
1.124914212438368395e+02
1.127676085914072530e+02
1.187108672319515961e+02
1.244416565539937380e+02
1.192044968502506492e+02
1.241381301897344116e+02
1.135122603469752534e+02
1.078624320940110977e+02
1.238777623746047141e+02
1.231756558311536907e+02
1.133317866222508883e+02
1.189907011788436222e+02
1.245205286949337307e+02
1.352747679825364742e+02
1.306833523177872109e+02
1.298490891125375981e+02
1.241133631751358593e+02
1.338729994654456732e+02
1.345696236474458658e+02
1.350282822158402212e+02
1.290328184126726967e+02
1.234332285055444629e+02
1.338564725002641183e+02
1.241879515868080119e+02
1.338242969210796787e+02
1.245121221767023769e+02
1.346870815965120585e+02
1.192621009986963259e+02
1.239293474408370344e+02
1.241399649766793942e+02
1.293020704377153152e+02
1.338932945044048779e+02
1.395179573852626049e+02
1.237650310750784968e+02
1.299732547734412833e+02
1.232253214207633363e+02
1.298101189425437667e+02
1.240298069325006907e+02
1.130124149549840951e+02
1.290289472633060086e+02
1.233093819440488943e+02
1.243008748507276948e+02
1.135313680329820443e+02
1.284562477522008805e+02
1.286731036298039328e+02
1.286813978501248528e+02
1.285918078997490284e+02
1.244458451975320230e+02
1.238116239903114462e+02
1.238371484317831630e+02
1.238918651213958668e+02
1.187989052501556557e+02
1.293332328533419116e+02
1.188845799871402420e+02
1.237292773334841058e+02
1.190404555201592984e+02
1.189370603126357082e+02
1.231409620534565192e+02
1.128213401049363114e+02
1.234151202599579165e+02
1.123407081863499570e+02
1.130592551889573656e+02
1.228927177433943427e+02
1.124547686470578185e+02
1.188651769994134924e+02
1.179656422236265172e+02
1.128858944258345787e+02
1.125693191729363178e+02
1.235695384026158763e+02
1.132045894388776617e+02
1.232382951417144739e+02
1.228114858349721032e+02
1.237872745722628594e+02
1.183443854994802109e+02
1.180898530571246425e+02
1.283361135169736258e+02
1.134248920452899512e+02
1.286083409830263804e+02
1.182609168650238018e+02
1.232323426474639518e+02
1.128572676876815990e+02
1.129926813184404750e+02
1.074390446499990617e+02
1.232544106164241384e+02
1.070386365896843159e+02
1.237816464596013475e+02
1.186016815057987941e+02
1.069573526342890091e+02
1.079496362893908810e+02
1.127447656933188398e+02
1.124967501491624375e+02
1.225931621985026538e+02
1.282866102394960421e+02
1.122302725750386685e+02
1.183519714233932945e+02
1.182554823936579851e+02
1.177946111113568577e+02
1.078762399951554585e+02
1.131981190586557346e+02
1.128969842400775434e+02
1.234494651347460490e+02
1.074029823816401858e+02
1.071445701229795020e+02
1.076338229645205047e+02
1.128488210119097488e+02
1.129148691311237229e+02
1.237359585810840485e+02
1.129639229205900364e+02
1.132843317484975643e+02
1.182156746347017702e+02
1.131937400993748639e+02
1.131917048357388751e+02
1.135494798562751129e+02
1.131440087216741546e+02
1.134352263827779552e+02
1.136650663266043466e+02
1.186637196842854109e+02
1.121572054557330631e+02
1.130519330447505126e+02
1.188601679343144184e+02
1.187879081194580095e+02
1.180492498399345038e+02
1.189279477217256158e+02
1.288186381956966500e+02
1.236315118922074987e+02
1.233433372797982770e+02
1.189484723563609094e+02
1.244754259373610807e+02
1.188811089915905512e+02
1.186198650680113502e+02
7.604090730667313380e+01
1.179289607589506801e+02
1.188661767322501106e+02
1.240805270336985160e+02
1.188245211476443330e+02
1.291193785637265421e+02
1.134102983972882015e+02
1.291244361565062775e+02
1.192303130104178877e+02
1.132998597947862720e+02
1.188965271840979057e+02
1.130385145202133259e+02
1.082477811464397490e+02
1.240095434307393560e+02
1.290821901220757297e+02
1.242296092260139773e+02
1.135189135686202775e+02
1.079728608198245752e+02
1.138148222417349729e+02
1.134462445788069118e+02
1.130956321759784942e+02
1.358789199541258199e+02
1.590100911869449192e+02
1.657809693953645365e+02
1.696983573437316863e+02
1.504023854101508562e+02
1.559519865942540662e+02
1.694915720989743875e+02
1.554204030072506555e+02
1.407350570778158669e+02
1.413329305015470823e+02
1.522897443733133684e+02
1.611072305343586777e+02
1.508571955234310735e+02
1.455642326926027010e+02
1.516254939241978263e+02
1.711815947142048913e+02
1.503080693663329441e+02
1.501489574959044830e+02
1.511052468177064725e+02
1.539683874181930889e+02
1.507614181358286487e+02
1.509816586420026283e+02
1.712571901432641539e+02
1.563309306335189319e+02
1.530773632875747694e+02
1.499056804321517404e+02
1.460183699621244671e+02
1.507455180063055593e+02
1.457572186723916445e+02
1.551912106074066457e+02
1.513181368854532138e+02
1.515285742131371194e+02
1.453392545146777479e+02
1.503696418948763949e+02
1.510093392213684353e+02
1.565680466078826214e+02
1.558804112143594125e+02
1.516999254703675888e+02
1.460031516110955749e+02
1.551162582450807008e+02
1.459544284043626021e+02
1.452806141715948911e+02
1.503253407029945379e+02
1.454455720794152853e+02
1.558135320574896809e+02
1.667053562631789418e+02
1.510252575282164571e+02
1.662934410205922688e+02
1.643927076536113248e+02
1.463140224548669721e+02
1.550666725477381647e+02
1.602811078652133858e+02
1.513489494360049434e+02
1.593191976292376637e+02
1.543035311296937948e+02
1.604719082922082691e+02
1.494249638153637250e+02
1.459457984918410602e+02
1.425557887556598189e+02
1.449428349093300596e+02
1.309550772327453387e+02
1.384033777464019863e+02
1.215667587078164189e+02
1.518293654115400386e+02
1.296930724770166705e+02
1.485109708686230192e+02
1.380595663782791576e+02
1.291901508893354560e+02
1.419949247582022451e+02
1.522771108636923429e+02
1.254499032325141457e+02
1.303815602757540830e+02
1.349363430002057385e+02
1.378557645993789436e+02
1.490018483068189141e+02
1.758007193149565239e+02
1.405898426782702586e+02
1.792144139800552693e+02
1.360463956410973765e+02
1.308405413023967583e+02
1.790848275474994864e+02
1.578245969692653432e+02
1.506443984494581514e+02
1.770858931218756140e+02
1.786123601214775363e+02
1.772662044842130058e+02
1.755460320792486471e+02
1.608555706772312988e+02
1.578307360287558367e+02
1.571754307041528591e+02
1.635613033823930778e+02
1.478305258010645673e+02
1.317466859551869618e+02
1.786636646499661083e+02
1.172375648146285556e+02
1.332533287564558577e+02
1.257387427015865455e+02
1.257192697033379147e+02
1.618603277498016837e+02
1.301436893386819520e+02
1.256326168884451704e+02
1.344841834579682143e+02
1.571382141710652718e+02
1.609373624881642399e+02
1.619977545013452982e+02
1.587033254726571556e+02
1.596965200813006334e+02
1.605060188830044012e+02
1.582236077671109058e+02
1.645414845442406033e+02
1.351300648203024650e+02
1.624158916995546065e+02
1.542564121989474302e+02
1.619790386128466082e+02
1.492384589374610755e+02
1.573758708716159447e+02
1.656068854554860366e+02
1.527666878361581553e+02
1.512808487444571881e+02
1.471664985450726135e+02
1.523883085391146608e+02
1.544201868185085971e+02
1.640830077583260618e+02
1.767100110616970881e+02
1.860413300926105933e+02
1.815823120501335950e+02
1.547067401204475345e+02
1.681146198864367989e+02
1.544925320655875680e+02
1.574592151944013096e+02
1.564527348265523017e+02
1.495985529412284336e+02
1.326571907155764052e+02
1.816223643653864883e+02
1.686992420152303680e+02
1.494219608687028256e+02
1.789712008638242935e+02
1.595356794953576411e+02
1.612490096472972709e+02
1.688639099316022225e+02
1.779279496989753113e+02
1.595822662806895096e+02
1.512443009637941884e+02
1.537814044516716194e+02
1.557567954921439934e+02
1.660680085932327188e+02
1.646688722055891390e+02
1.516635825622261109e+02
1.643081672479385702e+02
1.565864239097784036e+02
1.637673744492575167e+02
1.660579356716058612e+02
1.553394489470576048e+02
1.568833371283780025e+02
1.283498452056701353e+02
1.380353577107252079e+02
1.323350564744268922e+02
1.334081409262502689e+02
1.634765675884982556e+02
1.426363098652252575e+02
1.662262559057636224e+02
1.593590326113080948e+02
1.606768690775081438e+02
1.644804989841335896e+02
1.605174712587517263e+02
1.606415946535325077e+02
1.605959188206097110e+02
1.290343773712491782e+02
1.510009208813807220e+02
1.388471983289902312e+02
1.324903388270302003e+02
1.450277399499555315e+02
1.396448057772829827e+02
2.908774323187991513e+02
1.443350576969473593e+02
1.257740539050060988e+02
1.213056462459162361e+02
3.319652911840373690e+02
1.402588664262101759e+02
1.207337278739377950e+02
1.355220217430145908e+02
3.102388658673423834e+02
3.169042607399441636e+02
1.375768898887922376e+02
1.469282527814437174e+02
1.405482843590131381e+02
1.446505037209036288e+02
1.456744956378012148e+02
1.418857347155284288e+02
1.516550430592529892e+02
1.498484279927394311e+02
1.412632507659934618e+02
1.405256491629375262e+02
1.456067573288869426e+02
1.414664656447828861e+02
1.477575765090068387e+02
1.517161565033203203e+02
1.455295345220627894e+02
