2.141443806091847435e+01
2.173940010878382978e+01
2.237657958073813802e+01
2.244898885239516062e+01
2.169882184776203360e+01
2.163101716197282443e+01
2.151329966602222399e+01
4.062343434166839273e+01
2.729393405839815401e+01
1.669755618755122129e+01
1.428530412085877899e+01
1.612534594766023588e+01
1.519985430566554818e+01
1.257679730087827430e+01
1.143567761071138911e+01
9.902227585527509035e+00
8.611168705638785781e+00
7.623396722798008618e+00
7.115503348210519441e+00
6.650085603543074875e+00
6.360982302384168285e+00
5.915350014415603930e+00
4.980981859880693641e+00
3.402360707859908739e+00
2.216468940721999736e+00
2.218962900761097590e+00
8.999954844455664293e-01
5.087063406489225059e+00
7.825413697367261889e+00
8.564759336188267014e+00
1.203230086778632213e+01
6.310520863559338522e+01
5.598385948343867824e+01
4.250554297864521658e+01
4.144939785023877477e+01
4.028405635659173356e+01
4.157543814550555084e+01
4.585725927095246135e+01
4.255726430038987473e+01
6.776545449757198014e+01
1.145672653789299460e+02
1.413481516539537495e+02
1.287024201121070064e+02
1.180212846164817080e+02
2.315868746344255271e+02
2.236564390343660307e+02
1.932894541267517639e+02
2.118532920024112229e+02
2.581234613915966065e+02
2.643781290901366106e+02
2.771592026839374512e+02
2.845003886635263939e+02
2.990063745132013651e+02
2.282409770803486708e+02
2.409873757104928131e+02
2.483625978304888520e+02
2.295043868931057887e+02
2.228422248908222230e+02
2.178395948950737306e+02
2.090254269851864422e+02
1.259394620989205151e+02
3.350775700895947580e+02
2.340493809066165625e+02
4.628194175930569827e+02
2.446613025245976303e+02
3.062497189744331081e+02
2.440893817735410778e+02
3.106820911384505735e+02
2.375348573763242257e+02
2.404026945925426730e+02
2.471175491826564610e+02
2.452854131673673521e+02
3.480106509683635068e+02
2.862084214918174894e+02
1.635267208266371028e+02
3.878873683467630826e+02
3.944003045467255788e+02
3.956517935372424972e+02
3.824294315478521185e+02
1.097314405572641931e+02
1.321649732489537143e+02
2.849760452978387661e+02
2.523118801514606275e+02
2.486854301657275528e+02
2.485102872100160027e+02
2.513230983570906005e+02
2.453994175652456420e+02
2.354332466410044447e+02
2.563537759200040682e+02
2.378485705171720497e+02
2.585027027175538024e+02
9.476157469311812065e+01
2.820016907518916582e+02
2.903098005292840753e+02
2.601698244352271558e+02
2.265712652606189579e+02
1.400208193077071428e+02
2.642239263347228757e+02
2.301416383386078053e+02
3.174815169979503366e+02
3.123579520821538154e+02
2.946165374054621680e+02
1.867235754660086400e+02
1.908491472232665842e+02
1.220056679312395289e+02
6.602807226846070421e+01
7.527645892604661526e+01
2.675226164015917334e+02
3.527255244720402061e+02
4.072790358483822502e+02
3.004068027049310103e+02
3.022106356238510330e+02
2.660093955701917139e+02
3.169128881301563752e+02
3.145167215886341978e+02
3.556777423995199570e+02
2.812756765114596078e+02
2.948781833572117534e+02
2.899708022153422462e+02
3.286593746116008106e+02
2.843648667389676348e+02
2.392759248036904864e+02
2.563217909190126989e+02
3.365173970359032865e+02
3.301466237597174427e+02
3.323634997970322047e+02
2.663368789590700203e+02
3.171984045438032354e+02
3.097282063507535099e+02
3.825423358387861299e+02
1.652879893915332161e+02
3.228750710607864676e+02
3.578241517999979919e+02
1.742408580497788648e+02
3.677723496790218292e+02
3.218501691367988542e+02
3.087730343246275311e+02
3.154809681818355784e+02
2.901430534307743869e+02
4.006491518377482635e+02
3.659249469081410666e+02
2.783792183928915165e+02
2.896471804932920691e+02
3.012479964085775350e+02
3.508160402580177788e+02
2.948714036023310427e+02
3.327068398565322127e+02
3.628699644867784855e+02
2.426432588468824747e+02
1.615671884176382775e+02
1.925221723430107943e+02
7.808176299780386387e+01
1.100769998026555641e+02
2.435066689693022468e+01
2.419767293106224315e+01
1.927498694372976473e+01
1.463690707798757629e+01
7.124542247478567347e+00
7.596637296319893373e+00
2.692886394710226838e+01
2.797793859176948317e+01
2.802514495974229547e+01
2.839302470510250131e+01
2.974978185917706597e+01
3.262414222634821925e+01
3.218625937878464072e+01
1.661550847597307268e+02
4.009337013357033896e+01
3.916447595176165208e+01
3.854920540042649435e+01
4.029256366005672874e+01
4.007529478828950431e+01
5.075911101291448091e+01
9.287342736340687566e+01
1.338240895486149498e+02
1.356234924642114663e+02
1.112942151811202933e+02
3.934620955109027562e+01
4.143362313841603850e+01
4.663155559069259937e+01
4.578301312387387156e+01
4.382155241485819630e+01
4.084084033036525341e+01
1.148983140107265797e+02
1.421487077181724601e+02
1.730473207136653002e+02
1.866680429010115745e+02
1.865874149105708000e+02
1.059189040801106216e+02
7.599261482391203515e+01
7.861742779440339746e+01
7.088229088575626236e+01
7.185071052187473128e+01
7.847266813664425911e+01
6.840761512879304007e+01
7.679494236975824606e+01
8.899044504470778350e+01
1.387213845681778253e+02
1.415424460196213374e+02
1.525197544333809390e+02
9.432047621607279098e+01
8.473280775785723051e+01
8.176499397796824553e+01
8.158799502008264426e+01
7.971181152024611549e+01
7.969700797728930297e+01
7.002238446617684531e+01
7.612770293369200658e+01
7.492303749918926314e+01
7.287810447384197232e+01
7.029582114797943859e+01
7.921054618430120797e+01
7.678000319083459146e+01
7.968130184954951289e+01
8.412961554761560024e+01
8.590602949522740062e+01
8.630847673169698453e+01
8.521423476340525838e+01
8.539642709491029393e+01
8.213605759324480005e+01
8.916113691018232146e+01
8.619983957641893824e+01
8.340647157467560646e+01
7.740795184006424279e+01
8.032573121489745915e+01
7.851130778609579863e+01
7.384758208962132642e+01
7.683307518867624708e+01
7.548025444189543975e+01
7.468459205074525187e+01
7.011199563953204006e+01
7.031409027663016786e+01
7.144994811681151248e+01
6.634327841834628714e+01
6.138843907333789218e+01
6.465541638055118767e+01
6.590010470061886849e+01
6.503963225381775715e+01
6.141106636441107014e+01
6.137145207344541831e+01
5.802018228271597877e+01
5.435781664821851678e+01
5.764018330915517652e+01
6.090331460386607887e+01
5.798223512985970984e+01
5.958826226509119550e+01
6.051546583524572753e+01
5.792747688450556609e+01
5.836247489352737006e+01
6.289633134403291592e+01
6.473254613697150717e+01
6.960103291522428037e+01
7.415388362166766001e+01
7.400057264301801752e+01
7.214246712443976151e+01
6.556207682071534748e+01
5.902923919114668649e+01
5.864096755820001050e+01
4.977295982549077991e+01
4.613415349662893306e+01
4.367664363292639962e+01
4.073765001557266885e+01
3.867195136303329406e+01
4.011024862726331008e+01
3.827394947203180919e+01
3.867363581035209563e+01
4.023841120098044399e+01
3.860594450642375364e+01
4.007492055260212993e+01
4.016146003118394248e+01
4.235258197133300229e+01
4.455949772990010160e+01
4.502855072987158280e+01
4.884512236631537974e+01
5.188699201244362769e+01
5.568920342089746356e+01
6.094758200569247464e+01
8.024384551856248038e+01
6.854175235533472232e+01
8.971129174923748906e+01
7.366493056863599520e+01
8.784011197278286431e+01
8.646501433246471890e+01
8.506776868510226564e+01
8.543776162094172832e+01
8.483313245843804395e+01
8.549152911641014896e+01
8.524366106136214682e+01
9.573491809068666214e+01
9.263579022518641182e+01
9.651105108915332664e+01
1.016120278774303216e+02
2.652963986402668866e+02
4.625856481690906463e+01
4.480249856335412773e+01
4.339404380791661708e+01
4.350808200811311366e+01
4.258514586451107675e+01
4.262691946047106484e+01
4.120877645952625556e+01
4.112343553710948640e+01
3.987051613888624502e+01
3.910970937485870991e+01
3.877683240745155047e+01
3.930226729043101841e+01
3.960856685567287627e+01
3.882984014554546093e+01
3.857670018710344095e+01
3.954782226156724079e+01
3.952021372632574270e+01
3.833893060011263998e+01
3.944795713696203165e+01
3.869010403479482818e+01
3.945208810170134939e+01
4.659755845115036976e+01
1.099302213101481271e+02
2.356800097585277456e+02
1.268526697970674775e+02
1.337910145329896068e+02
2.258708575321485341e+02
1.388218659629576450e+02
2.426811217352924075e+02
2.153660574920736224e+02
2.702114976688167758e+02
2.913918030600272004e+02
2.890653365606183343e+02
3.073873395817622054e+02
3.147812803314592998e+02
2.835394134866884315e+02
3.066093757811694331e+02
2.906655135733856810e+02
2.938872286005669707e+02
3.025212695464553576e+02
3.036214243293360369e+02
1.623568111936600360e+02
3.109088137079480703e+02
1.706641923774434133e+02
3.075014506289024894e+02
3.095132608492713757e+02
2.176170868944082315e+02
2.634760686336034041e+02
2.557270737279926323e+02
2.118592464245264750e+02
1.979142224914855319e+02
1.708967671630739176e+02
1.959925170322680685e+02
1.925154334264425984e+02
1.549546080769052594e+02
1.236889686400567001e+02
1.868570012107321929e+02
1.222670500008469929e+02
1.215808845603202144e+02
1.802146013343404718e+02
1.927930660002115530e+02
1.173986128598087078e+02
1.711912573713951247e+02
1.196937158775783985e+02
1.697209704105006551e+02
2.704819785611571774e+02
1.319095459774327708e+02
2.106589525672969501e+02
2.761203912373562730e+02
1.325584563973964123e+02
1.275868231951095737e+02
2.022375559303545174e+02
1.351162285183770848e+02
2.836461997541241544e+02
2.945623168530668181e+02
2.969826724163365270e+02
2.943809143117744043e+02
2.874700696276444205e+02
2.937016617980071942e+02
2.873552842977950377e+02
1.997828886939385313e+02
2.065400437122991093e+02
2.048636338547476328e+02
2.288092188551186439e+02
2.184344468390121108e+02
2.171097235259854301e+02
2.135831261104219720e+02
2.219842993398317503e+02
2.181048860069020066e+02
2.303930406219965619e+02
2.147120688899112508e+02
2.157390696469414593e+02
2.197036920277220133e+02
2.393664519274704219e+02
2.355936145692211028e+02
2.284907948448866080e+02
2.394064219038936017e+02
2.394775076478788378e+02
2.355882345712508652e+02
2.432475351213632280e+02
2.538169245782753478e+02
2.630456357940007024e+02
2.474944906696904070e+02
2.578784660258393160e+02
2.533783899834970441e+02
2.572769637043430180e+02
2.722930723174063132e+02
2.670524601051025684e+02
2.705533714531674718e+02
2.781134757279346559e+02
2.814503556381961289e+02
2.991945051088620744e+02
2.966584535344970277e+02
2.789218748714530989e+02
2.918743320202688096e+02
2.706341440387466264e+02
3.040015187499991498e+02
3.108454261740253628e+02
2.999706965091413053e+02
3.069011759885141259e+02
3.194629897030324059e+02
3.134814354599727153e+02
3.134789862019019893e+02
1.883324397976792852e+02
1.921552446736864397e+02
1.916910373970957835e+02
1.876601483229508176e+02
1.751913266493885430e+02
1.907069896513795584e+02
1.923380623238859073e+02
1.805857269459761483e+02
1.964848546599224619e+02
1.760327100238906155e+02
1.570102770909644221e+02
1.733974165608242970e+02
1.667036429578381558e+02
1.799047009527745331e+02
1.724409589159690768e+02
1.589720028196769874e+02
1.398773264278017905e+02
1.673266686720214977e+02
1.554722575677803889e+02
1.563708714129721500e+02
1.131385010020519672e+02
1.508749193706040330e+02
1.583537023817026750e+02
2.132102953929966418e+02
2.071958950404990674e+02
1.908028931268692645e+02
1.546859066003086696e+02
3.198829871216174752e+02
3.164995252847346023e+02
3.094115965527760750e+02
3.078119354850312561e+02
3.047342495408714171e+02
2.989235005854955034e+02
2.915270992671816543e+02
3.008319452593831898e+02
2.974405444505914602e+02
2.885922599816192928e+02
3.171330712405118675e+02
3.155883110346341027e+02
3.154988386474637423e+02
3.147851645526608309e+02
3.159834320955274620e+02
2.519614515304256770e+02
1.433857491199203764e+02
9.789381684497175229e+01
8.931922775462665243e+01
1.002978556246187907e+02
1.086928366009635880e+02
1.238635875388499130e+02
1.074193434905486413e+02
1.042305799681733731e+02
1.209770949450778232e+02
1.272750143107729173e+02
1.248455701223776231e+02
2.929838548035207282e+02
2.212941431631713556e+02
2.146617655615278863e+02
1.300475494193007080e+02
1.282677556817849336e+02
1.347589608799092957e+02
1.328495858765710693e+02
1.387900367645999040e+02
1.326830942893251972e+02
1.394243881916426346e+02
1.329874446366952156e+02
1.328741443464067231e+02
1.333802824143050998e+02
1.272782476141510557e+02
1.292717705292567700e+02
1.270752947121676044e+02
1.271289763075205883e+02
1.281490194930132418e+02
1.285476025132814186e+02
1.302234751257685446e+02
1.721245598992793191e+02
1.832150916263354077e+02
1.847769098777482952e+02
1.779679872029759053e+02
1.707552336188620643e+02
1.781369412322539461e+02
2.740308743522056716e+02
2.368444763285547481e+02
2.169946529838602487e+02
2.244721898820408512e+02
3.671127495062721664e+02
8.716015626904840019e+02
2.701726483400756820e+02
3.232404803580670318e+02
9.864022209450969285e+02
1.204360647419677662e+03
3.642626075025540331e+02
6.074347968942678335e+02
5.894933429758526700e+02
4.256334875948486456e+02
4.276924665734391056e+02
3.814037471369132959e+02
3.771902640733994190e+02
3.850165701194650296e+02
4.759454762873550635e+02
2.843602726455731613e+02
4.028577990567162033e+02
4.310384016869753054e+02
4.337519195903135483e+02
3.774915643797769462e+02
4.850779922466936682e+02
4.461199542829166376e+02
5.062329690418852692e+02
7.297803701000598267e+02
4.555771958124807384e+02
1.029668944893268190e+02
9.876670808936638934e+01
8.050119964159210895e+01
6.660270493807367131e+01
8.258712758630230155e+01
1.122366451808114505e+02
7.147891247637083723e+01
7.101562039946253435e+01
6.385958634554848601e+01
6.558337250828604681e+01
6.445375086414699695e+01
5.913742298869266278e+01
1.587009786338307720e+02
7.452712335468267213e+01
1.344849429553021878e+02
2.422297613482226382e+02
8.464514593931626507e+01
1.808464133348968232e+02
3.683897489984192219e+01
4.949488295592255582e+01
4.843673981534547579e+01
2.939668088212637826e+02
5.081946732425495270e+02
1.897745922608593787e+02
3.043219266346310405e+02
9.869948530572636969e+01
8.798318537542031947e+01
8.847654056130534173e+01
2.072165393934328392e+02
1.218187298191435985e+02
7.374385737498919902e+00
5.888217726907608807e+01
1.909138102000717367e+02
8.805149184441440013e+00
2.382263951620667175e+00
1.368872410316259058e+00
1.034046349131852782e+00
6.329813108704065439e-01
2.594199717360668789e+00
3.669206579584005645e+00
3.403012190414063554e+00
1.790938718869046875e+00
2.218955508376697416e+00
1.463107937308397055e+00
1.594514448793534989e+00
1.478776960341967150e+00
1.311563911395380977e+00
1.188813430786159309e+00
1.628083368654190233e+00
9.167742735664949905e-01
1.346922611777721546e+00
1.038250637117317687e+00
1.324947603554077702e+00
1.085485742247320751e+00
1.572730110125761138e+00
1.682245887135669360e+00
1.181094790340142753e+00
1.042908391804253654e+00
1.205380657672236122e+00
1.113983508263310274e+00
1.316932488633446585e+00
1.680940290019377947e+00
1.019410116546659140e+00
1.460444474521682690e+00
9.529589687114305985e-01
9.508683515239135797e-01
1.003945898102913015e+00
1.283259340068473753e+00
9.106720975378461702e-01
9.824162115470773671e-01
8.866672026403257245e-01
9.426396200463671438e-01
1.087464323160984403e+00
1.064252776189231753e+00
7.981403826302542193e-01
1.407089398886541609e+00
1.073475140118908433e+00
1.598249645651011797e+00
7.920472811950359793e-01
8.880274102189629204e-01
1.026811525186665852e+00
1.054788528326644048e+00
9.334262522511223015e-01
1.086451742278774946e+00
6.641848915749546389e-01
9.640387881437162410e-01
1.051327944663411840e+00
6.463987356367416615e-01
1.204941085596776595e+00
6.879761473541829986e-01
5.392338584850182581e-01
7.383114211804895355e-01
1.237429058573341845e+00
8.469895741072074324e-01
6.347402444341843086e-01
6.504348729899211978e-01
1.212327463007944583e+00
9.753035039734174738e-01
6.482976654469652100e-01
8.713928290573305091e-01
9.744414672955412637e-01
6.791676133763757672e-01
8.067380733116029656e-01
7.230756946001286600e-01
8.619319275988281959e-01
4.847948395225661344e-01
1.059373215755194497e+00
6.270743243442520320e-01
9.947036202121903870e-01
8.185828186560436537e-01
9.011047767459747782e-01
6.305585409217131510e-01
1.415556594243812194e+00
9.735846267345191762e-01
1.034082290019395778e+00
1.050642220749762545e+00
9.471978916142240745e-01
9.703049604589042421e-01
1.246221729374163978e+00
1.463952617689423086e+00
9.451154264982279951e-01
1.443314793163302578e+00
1.239395389718822349e+00
1.092306904886701791e+00
9.089664476590751940e-01
9.225329125384048590e-01
1.288379725237965179e+00
7.943097910784510107e-01
1.142367355188188771e+00
8.529572994063958635e-01
1.044388405109726303e+00
1.326250004576736252e+00
8.544867363920365388e-01
6.174989343435217659e-01
1.274622569872069899e+00
1.234562008185789317e+00
1.283559120165519873e+00
1.114824206595514067e+00
1.208059023539408861e+00
1.621491902498872317e+00
1.596853174762523642e+00
1.218775539900277316e+00
1.290489559757328486e+00
1.338143289714559092e+00
1.573242697786442434e+00
1.406625880017446040e+00
1.271299504772797739e+00
1.477172099629589175e+00
1.016674574609136350e+00
1.158992757076231950e+00
1.041782438876864614e+00
1.642476194544312929e+00
1.315354008645919670e+00
1.618928529249839432e+00
1.052136074330834337e+00
1.392612322862526009e+00
1.125844549467685640e+00
1.051713375952818552e+00
1.292011775700292020e+00
8.450638680199958896e-01
8.566985988040104472e-01
8.739939362021418301e-01
1.177984911667151025e+00
6.714316173074800220e-01
9.664342220905619563e-01
1.235665338088283383e+00
1.542899072965550955e+00
1.036130152445127628e+00
5.096824637131801561e-01
5.983435716582231612e-01
1.059550651159117507e+00
8.663794817598453601e-01
1.303511554042841247e+00
1.588798490519393258e+00
1.286223751699347773e+00
9.438081574804353391e-01
3.380118580567594844e-01
1.167969335582234702e+00
1.021614736878160956e+00
6.411662560001309963e-01
9.071547833628862412e-01
7.744621741409772886e-01
7.722326595584987352e-01
1.396124748337628452e+00
4.852886018625638398e-01
9.309556998222759949e-01
6.003213507882469990e-01
6.381790069509851726e+00
1.403999040835099343e+01
1.468769999876772481e+01
1.376213878043857264e+01
2.211854429796408184e+01
1.630522091485605429e+01
1.311707005630196221e+01
3.413944751869084371e+01
1.922717415891241188e+01
6.795450812787053962e+01
6.462161649583867984e+01
8.048522358532657961e+01
2.156780221002893541e+02
4.715901374726126960e+02
1.648330940355780001e+02
2.667724244033909144e+02
2.917205031310073196e+02
2.565141365271299492e+02
2.735336532052993448e+02
2.685351569077877798e+02
2.264340572205607600e+02
2.980521788300101775e+02
2.705528909105444768e+02
2.772534462662426904e+02
3.104769369437720457e+02
2.457629843245442203e+02
1.866215074702865309e+02
2.424528558497874826e+02
2.606986656036468162e+02
2.723541507260407570e+02
2.732890320013339647e+02
2.726201336036721159e+02
2.763945247147396458e+02
2.760458497192777827e+02
2.026490822028572154e+02
2.014173928611292865e+02
2.116374613697662141e+02
2.907790702737676725e+02
2.740234561146841088e+02
2.648910699454447695e+02
2.559273210920811721e+02
2.701134827570278389e+02
2.223284992326870508e+02
2.289348723051407148e+02
2.520648956698185827e+02
2.595100021199549474e+02
2.688889947253346122e+02
2.432160683116773612e+02
2.585961245964570026e+02
2.949517008625402354e+02
2.529867584897044139e+02
2.426993344320390520e+02
2.209201860550977585e+02
2.177983471570375684e+02
2.465502197188598359e+02
2.346258457357801035e+02
2.449530023680761701e+02
2.408959824445088884e+02
2.508336136513527777e+02
2.442705550353297212e+02
2.433461149329684758e+02
2.603536547186179746e+02
2.482694294869957901e+02
2.990626018942604105e+02
2.888863852123816969e+02
2.886835073683910196e+02
3.077104766022307558e+02
3.851599364329644573e+02
4.473485842639414045e+02
1.842327011628059950e+02
4.450289654322791648e+02
4.759745360897212549e+02
4.596402239435160482e+02
4.659101970281279250e+02
2.283359704691407615e+02
2.271061414807202254e+02
3.294303837402334239e+02
3.331670560381374457e+02
2.267252822902793525e+02
2.258251996036922833e+02
2.332231528162489838e+02
3.416671565604530656e+02
2.211860792821046289e+02
2.234694609356720036e+02
2.218956710842838334e+02
2.231524472283351486e+02
2.296154646478940151e+02
2.357138935708406393e+02
3.483654831629004889e+02
2.249941229567670860e+02
2.232346890876317502e+02
2.051546182474987461e+02
3.894689223292338056e+02
3.409032771068506236e+02
4.731440694802972757e+02
3.097234662235576366e+02
4.433458748734379924e+02
5.097043058826428137e+02
2.532905395215088618e+02
3.524045541408707436e+02
1.965617799184500143e+02
4.329279420743262108e+02
4.736102419751754837e+02
4.124358339542627618e+02
2.683104400435842081e+02
2.977668279378788156e+02
2.866943074309944564e+02
2.683830505193407134e+02
2.584215374634850377e+02
4.687949276838493233e+02
2.544999485820011955e+02
4.018122815613285184e+02
2.993519411882314216e+02
3.513846759172437828e+02
2.651577332178852657e+02
3.581401064051101457e+02
3.082578691371028867e+02
3.142044691056913734e+02
2.635047093177379907e+02
3.296460116305063934e+02
3.533573033150464653e+02
3.092263955373038016e+02
2.839838721440111726e+02
3.079786486443874765e+02
4.275681500552847183e+02
2.928289239411921585e+02
2.898325276324018773e+02
3.403093712311949730e+02
4.335725389484244943e+02
3.397449315595687267e+02
3.324967487098650736e+02
3.174807511264786513e+02
3.116949161969029092e+02
2.871780181570939590e+02
3.659894543266340179e+02
3.405900135736338825e+02
3.293242504788041742e+02
2.341797010205114304e+02
2.800793466353129588e+02
2.299977295321818644e+02
2.899182839288585569e+02
2.491925173500215749e+02
2.985546045314225125e+02
4.636053507414702608e+02
2.520908920108431630e+02
3.781895989933563555e+02
2.268968593638161622e+02
2.423119517667770708e+02
2.209099749882231833e+02
1.799288664496820616e+02
1.424613584241719195e+02
2.369657468506676707e+02
3.475310852607363472e+02
2.332571438778864774e+02
1.667816968204148509e+02
3.041846446210720956e+02
1.436530222945676201e+02
2.348120367983091228e+02
1.755200508568613600e+02
2.593747641016328771e+02
1.489154469218021859e+02
3.265308395144120368e+02
2.835851985764452934e+02
5.145251585831757666e+02
5.926984838665113102e+02
4.812030992684952366e+02
1.526546719271314032e+02
4.682326447568451044e+02
1.487819220833134750e+02
1.473698754772866550e+02
1.469121411733260345e+02
5.154406261107098999e+02
2.320378070716764682e+02
1.514300136691103944e+02
1.641223643789429048e+02
2.884997277247969691e+02
1.594449024434989610e+02
2.923064845972077137e+02
2.001112865071278293e+02
2.014235802698079567e+02
2.686078517057761132e+02
1.952357220036033425e+02
3.267357612157805988e+02
2.798919703401229526e+02
1.621939248912452740e+02
1.498697086274824528e+02
1.748433642873693827e+02
2.131915432386192322e+02
1.896203698048339277e+02
3.005282928055604543e+02
2.087243067176748639e+02
1.840261480777355416e+02
8.185883979638010999e+01
2.177504131300727863e+02
1.689766180958009443e+02
1.847161542010065318e+02
2.546290046720059763e+02
2.493668595620023041e+02
6.078625808090799865e+02
2.201341900668307403e+02
6.224238325921780870e+02
5.138190677183903290e+02
4.426546607078962552e+02
8.209818287148607396e+01
2.250238197690623849e+02
2.240691957022996803e+02
2.374271819238375940e+02
2.388516324167699167e+02
2.550877175235855248e+02
2.073247439735269495e+02
7.826483509247114512e+01
2.254265566144545971e+02
2.172529602029770786e+02
7.899520036107639953e+01
2.158164800909690655e+02
2.116834423214231435e+02
2.121312486872463126e+02
8.043606466866410187e+01
2.564847333740322028e+02
7.574599521491147414e+01
3.553875411632504324e+02
7.591049769929998092e+01
7.636891128028418052e+01
8.138004509723123192e+01
7.328405868303812554e+01
7.862421709494167033e+01
2.215548780339948109e+02
2.504737376888101608e+02
2.556343194896923023e+02
7.829439988663189354e+01
8.166011560741532094e+01
2.050266642669671171e+02
7.427310159142321311e+01
2.231956727759008459e+02
3.082933833494238911e+02
2.015939582272402220e+02
2.222815189582186406e+02
2.541941433854867967e+02
3.529911513526638487e+02
3.949233198547123038e+02
3.532163757642854307e+02
6.780565595254729487e+02
3.738832268059463217e+02
6.153241673576783342e+02
7.447908856445387755e+02
3.377485014566032078e+02
9.851364182893333918e+02
4.747252298362968759e+02
5.055719333282380603e+02
5.730899888129538340e+02
2.636614553564870107e+02
1.010912953808944280e+03
3.387707252436477461e+02
3.424809698376431015e+02
6.561878536017985653e+02
5.415270023305131417e+02
2.428246740095037524e+02
3.134229203707350280e+02
3.801675742687880302e+02
2.985895055491884023e+02
5.144002051687260746e+02
4.356092439792942059e+02
5.395058824398043953e+02
2.992894079111808310e+02
4.463989238560926083e+02
2.963542733845283692e+02
3.289469368409873482e+02
9.856900845997215583e+02
2.449304057135718438e+02
4.788906266883691387e+02
2.670902257998647542e+02
2.834562480493973453e+02
6.703257329640179023e+02
3.272579392454996423e+02
3.657113159671990843e+02
2.821064402166262539e+02
3.377284315049942052e+02
3.241819426736104219e+02
2.748520495587698065e+02
2.919546874897762336e+02
2.953036770934311335e+02
3.973232757302222353e+02
2.190604428100808434e+02
3.240105253113910067e+02
3.274597754920487773e+02
2.917165055154508764e+02
2.467815130162263131e+02
3.480850645976663600e+02
