1.063809154659012535e+01
1.428488205833401459e+01
1.374650371562949580e+01
1.049943159924084490e+01
1.177809615311515934e+01
9.660756912455383372e+00
8.413234520852221010e+00
1.338005165462485557e+01
1.393968612934604323e+01
7.244109345861236449e+00
4.605768835055704358e+01
9.441263361006305033e+00
6.890772844546535936e+00
3.033487665356264529e+01
7.249100172671606224e+00
2.472144413551382058e+01
9.164052335341244415e+00
7.620962561940102908e+00
1.129047812503308812e+01
4.739120978732371015e+01
4.107888297914819020e+01
5.884738313988794545e+01
1.746027502862089165e+01
9.876324644830330612e+01
5.567776910001381196e+01
6.048559895082347992e+01
5.085593937067340420e+01
3.995365766662099816e+01
5.040634396511301674e+01
4.607703174558602655e+01
5.536028661090109892e+01
4.945841991963454376e+01
4.467022228029603781e+01
5.492877457160506793e+01
4.427516913601400006e+01
5.538973517455504947e+01
4.882656733564021323e+01
7.692736128891485947e+00
5.023613022941172801e+01
5.172255049426316020e+01
4.381851380137474905e+01
6.423910307466138647e+01
1.710802363456059823e+02
1.774652802865766148e+02
1.684542988122956615e+02
1.691216287474252340e+02
1.711532182990657986e+02
1.713327537753015974e+02
1.719634032187754258e+02
1.656936466827495735e+02
1.720781202607316231e+02
1.854790857344844142e+02
1.847295696635167701e+02
1.208410099887588984e+02
1.171258513231644969e+02
1.122436654325004781e+02
1.907256988917358171e+02
1.873236636114084490e+02
1.827945052822452681e+02
1.752457201563885008e+02
1.889110584490262283e+02
1.891319301752177751e+02
1.775270413358985593e+02
1.835576784770427139e+02
1.793282894445779618e+02
1.709849474614167946e+02
1.879017330157444405e+02
2.087573707743599698e+02
1.804527449501116507e+02
1.857192717160205859e+02
1.864045901096101829e+02
1.770575518525730843e+02
1.922669428454993863e+02
1.806096410800185481e+02
1.831613366175601243e+02
1.772741969528744903e+02
1.851319884875336754e+02
1.756314280988218002e+02
1.816094328948382497e+02
1.794365308631464870e+02
1.792720453079253957e+02
1.760550031306054848e+02
1.797389748465706418e+02
1.761419833916980622e+02
1.768881072530831204e+02
1.738642975782613007e+02
1.771326084614806575e+02
1.739033912515877489e+02
1.696017515288162372e+02
1.720072264585795949e+02
1.770468521357421707e+02
1.729871453152065044e+02
1.716442718879826259e+02
1.726931263713095746e+02
1.712028866370801552e+02
1.761544134652757236e+02
1.742613427767901442e+02
1.741492425415196124e+02
1.724813180185158785e+02
1.734955521953860966e+02
1.764999602611919443e+02
1.722206388689818937e+02
1.772220161541871732e+02
1.780828508092908748e+02
1.739078636384049048e+02
1.745577851593066043e+02
1.705737316333276681e+02
1.717199677817704071e+02
1.725096682435552111e+02
1.745364018557591237e+02
1.745342407246660628e+02
1.745712009309397956e+02
1.736940388330474718e+02
1.754320253652835220e+02
1.692903818861175012e+02
1.693822250492459318e+02
1.702130238048142701e+02
1.740977204417919211e+02
1.728752692621134770e+02
1.711154040223696029e+02
1.728776188123638917e+02
1.760013099842071540e+02
1.755077522530742158e+02
1.771176633856620128e+02
1.737685054110528426e+02
1.774714324303546391e+02
1.741870587731936553e+02
1.729921729187618951e+02
1.765191700139416469e+02
1.786036535198026911e+02
1.747199884752018306e+02
1.833200838113733937e+02
1.795931967789900341e+02
1.803912766790497813e+02
1.802927854695776091e+02
1.785138679191992708e+02
1.745724581761428738e+02
1.845303484860995411e+02
1.903582983060936442e+02
1.814784878032656081e+02
1.901980826245814171e+02
1.836270235928862178e+02
1.880053014266476907e+02
1.821070677664913546e+02
1.968093096621517191e+02
1.815517018316168105e+02
1.901436014199069291e+02
1.860315028393991952e+02
1.860120251445580379e+02
1.936442478719600331e+02
1.310188530719783557e+02
1.339375600726666846e+02
2.008023954599483716e+02
1.930850117281788982e+02
1.968577221326315509e+02
1.980830943167607643e+02
2.019058365818666232e+02
6.037105927948181261e+01
1.937207643709829767e+02
1.932179098331781688e+02
5.235995774380857881e+01
4.893756004644331625e+01
2.018941281941051216e+02
4.639426190093231384e+01
5.244918568501627476e+01
1.002599335720829572e+02
9.965308770574242203e+01
4.883330318893094812e+01
4.907479690055865262e+01
2.349929841994380979e+02
5.511284133044163980e+01
2.479005521006152151e+02
2.561670001328715784e+02
2.215847762198209239e+02
1.952630342917700830e+02
2.471335400360231631e+02
2.077851405896627170e+02
2.023976724973854857e+02
1.996885337726650675e+02
2.324634913160668361e+02
2.007794679186100097e+02
2.712871934088541934e+02
2.095800407830105314e+02
2.820984892373259640e+02
2.888246497960308261e+02
2.564870288768954083e+02
2.971845099744490994e+02
3.161504307597231218e+02
2.996189661205335142e+02
3.142850374809025880e+02
3.007287356713667350e+02
3.293986503776328050e+02
2.964088837562388790e+02
3.150586373205148902e+02
3.084689476998552777e+02
3.179784833890246887e+02
3.200325825975481280e+02
3.527110931811306500e+02
3.229055816460295887e+02
3.228260273595386138e+02
3.542513594068525435e+02
3.434976383352399125e+02
3.225123935654805223e+02
3.149586208739825111e+02
4.013924352627632857e+02
4.436140137805601285e+02
4.137599187473646793e+02
3.517397493001059843e+02
4.048688596556575021e+02
3.652389604429095016e+02
3.686729496907251473e+02
9.387495402308056214e+01
8.365281498046245190e+01
2.966642120460444403e+02
2.589254777119289770e+02
8.373401175593375001e+01
9.359487424809852030e+01
9.163961981020585768e+01
3.246585558494243173e+02
8.709642881308307949e+01
2.736664699396965261e+02
9.038791600146213057e+01
8.590588672119704938e+01
8.042745691185150747e+01
4.277770293057780577e+02
8.638861551613339884e+01
3.924250332001297465e+02
2.641924843260380271e+02
9.008554327596107214e+01
2.678192166006108437e+02
3.796685967225440663e+02
3.762481785590358641e+02
4.097404481622548928e+02
3.083743211596168408e+02
4.880306867713115366e+02
3.136457855606589646e+02
3.807065530355287706e+02
3.253282868647104920e+02
3.713970167823187012e+02
2.914851205756297645e+02
3.369022491626930673e+02
3.725539095333953696e+02
3.588982172508711983e+02
2.907111812230407395e+02
1.778178748891239138e+02
3.150587880125250422e+02
2.973481229279341846e+02
1.926231228420737978e+02
3.895334148600477988e+02
3.679831903817147349e+02
3.060268953775360501e+02
3.338743908882156575e+02
3.699708980119513058e+02
2.394906914044208008e+02
2.543454895053799021e+02
2.878491679137244432e+02
3.144557641512644182e+02
2.407121258682114160e+02
3.008322994807971895e+02
2.478062223420774615e+02
2.545349585774241064e+02
2.495430542532146205e+02
2.861770475667053688e+02
2.487602651896240786e+02
2.604165382642171380e+02
2.499203955695299442e+02
2.586787886105836378e+02
2.498432086007964301e+02
2.763725829080671588e+02
2.694443722983623957e+02
3.210334609354794111e+02
2.637167162698318634e+02
2.570298904323715874e+02
2.870753229285764974e+02
3.404981825414091077e+02
2.562347722823953404e+02
3.477439085967440064e+02
3.449310433378152538e+02
3.536093343545202856e+02
2.917125372539381374e+02
3.337459295968000674e+02
3.353807086547177505e+02
3.414132215646441182e+02
3.469724324862441449e+02
3.451066747323907862e+02
3.464367778699902942e+02
3.432459424200172293e+02
3.478345694887563013e+02
3.179613795001424705e+02
3.400882762198346541e+02
3.471099710220764791e+02
3.356098515697945572e+02
3.419586042731351085e+02
3.378104693974278803e+02
3.183880381721258459e+02
3.377542984963952222e+02
3.356451625530837646e+02
2.937219413706101818e+02
3.109971677664432264e+02
3.056855136557589390e+02
2.977681456430190110e+02
2.951298658756709301e+02
2.906010671143931745e+02
2.884169766952935561e+02
3.059492976383814380e+02
2.994992456143640425e+02
2.810003630410490132e+02
2.755722206149073372e+02
2.735967254131608115e+02
2.803057840946435135e+02
2.734731007701370231e+02
2.702047826376862076e+02
2.614569580380411367e+02
2.655925393741221683e+02
2.519381047871406736e+02
2.569222539514529444e+02
2.664127638796084625e+02
2.501126875163916736e+02
2.549323697829292144e+02
2.485873628355009544e+02
2.504675949007487645e+02
2.509691817023413591e+02
2.423059622128510568e+02
2.402419598287174267e+02
2.449558162466097997e+02
2.466566657763186470e+02
2.388194421443195381e+02
2.393000999292804067e+02
2.433819163948473658e+02
2.400142297851849378e+02
2.404375794884754782e+02
2.396605003162893013e+02
2.407992577417921893e+02
2.380402115974404751e+02
2.378055554019682063e+02
2.397084074393432900e+02
2.355321087924192511e+02
2.360160041379903930e+02
2.363058511631841156e+02
2.284020006104221352e+02
2.371274597542919196e+02
2.292638177317515158e+02
2.301879736095570763e+02
2.337315297542772896e+02
2.285282879541636305e+02
2.296193392108545197e+02
2.306036078002171621e+02
2.300079670119507966e+02
2.302831994131565239e+02
2.379844065097470605e+02
2.290347612580982855e+02
2.294715277294546638e+02
2.353016979771248884e+02
2.385084403004284752e+02
2.398894068383125955e+02
2.334073639271195191e+02
2.376782271780755877e+02
2.360900206775016272e+02
2.386602088378538156e+02
2.632832597702339399e+02
2.563289622310285267e+02
3.396248992836385696e+02
3.452783159357411478e+02
3.528759408535779585e+02
3.512901997722723308e+02
3.550907968847778307e+02
3.515176548401024661e+02
3.511718767815332285e+02
3.570272654541475958e+02
3.692212229630723641e+02
3.557377185424184631e+02
3.705641213789357380e+02
3.579797740764726086e+02
3.407198326246160605e+02
3.564434499972989556e+02
3.613546866981910171e+02
3.809239998881144516e+02
3.651248457148320767e+02
3.655066229810450409e+02
3.637622638797558920e+02
3.650808381938639968e+02
3.634801475269158004e+02
3.628219172487877131e+02
3.641478626836060357e+02
3.636295047707075696e+02
3.664822063302885340e+02
3.761415154520353781e+02
3.641092267401375011e+02
3.932491950657212669e+02
3.721433874711942167e+02
3.753165737830066178e+02
3.635301830235311513e+02
3.622550000937556547e+02
3.888770521399750351e+02
3.636334763044164333e+02
3.601498225837202654e+02
3.604400615477528049e+02
3.622713844609438070e+02
4.000784746442712958e+02
3.648074168524485685e+02
3.698289081556530959e+02
3.671508041808916687e+02
4.054816971926112501e+02
3.669440808816020194e+02
3.635683933680500672e+02
3.798217092157103707e+02
3.742975668939989760e+02
3.756242771952325370e+02
3.702644233353022400e+02
3.856599326000111887e+02
3.817052435159572497e+02
3.653658424661425670e+02
3.773282345816994052e+02
3.714970080995458943e+02
3.690686701224695980e+02
3.831240057571258717e+02
3.706486706209568638e+02
3.794811888571824738e+02
3.694354963807166996e+02
3.725214862077680209e+02
3.653172225127329398e+02
3.829792857444052743e+02
3.859932054760167830e+02
3.707415982984890093e+02
3.805103005591370788e+02
3.763048154028995214e+02
3.737807553552746640e+02
3.722823740385618976e+02
3.691426621558662760e+02
3.767841979775014352e+02
3.760449088282960020e+02
4.174482462707031800e+02
3.774476763830705863e+02
3.875577005349103388e+02
3.996641497992886798e+02
4.107944572861115375e+02
3.820020080865376144e+02
3.740877756913169492e+02
4.117673441859735135e+02
3.754321773268871425e+02
3.856625084331064954e+02
3.397298366279883339e+02
3.766589806128494615e+02
4.161822274510233797e+02
4.179196301353227909e+02
3.902653531957947735e+02
3.781598907887033647e+02
4.370592539528242355e+02
3.955009711530999539e+02
4.672583377947970007e+02
3.962712009397009751e+02
3.766678500886308143e+02
4.931171307559679917e+02
3.724171317371553869e+02
3.904158086824877500e+02
3.683048329005279129e+02
3.681788538548046290e+02
3.666535422917083906e+02
3.983628238002741000e+02
3.942974276713400172e+02
3.826845103611585728e+02
3.817748418360426967e+02
3.908892086872245955e+02
3.457470821893537050e+02
3.376252409456037640e+02
3.587665040867585162e+02
3.195573538772458164e+02
3.747086577174823674e+02
3.606014749439638081e+02
3.945068462433183640e+02
3.664027567722347385e+02
3.514594768045982960e+02
3.462341535705064075e+02
3.620574660292979274e+02
3.535699137050037280e+02
3.083153934799974536e+02
3.379635229270706986e+02
3.007650908350020131e+02
2.807457186396290467e+02
3.621049225746314164e+02
3.695970801570143749e+02
4.279887993545574432e+02
4.033578300309958991e+02
3.353386324698496423e+02
3.519886159045086060e+02
3.913930341285471854e+02
3.715114300549697077e+02
2.997558572088307187e+02
3.504535983669050552e+02
3.347578019573936103e+02
3.828657616259180827e+02
3.950233900814493495e+02
3.625011056020770184e+02
3.876858255230088162e+02
4.115396952783593179e+02
3.785538546571408460e+02
3.983085802469088321e+02
3.828773723359809082e+02
3.899183413161245539e+02
3.801373057713277603e+02
3.224586705412116316e+02
3.704688996330045825e+02
3.577260898065828201e+02
3.493832404131584326e+02
3.939261631367580208e+02
3.699032555802000388e+02
3.750024553589328207e+02
3.375281055480976420e+02
3.668251440579433620e+02
3.845278023081622791e+02
3.898867561077114487e+02
3.540365793609891512e+02
2.988533305286626387e+02
3.723296252233889732e+02
3.428969224327388474e+02
3.460802796868999280e+02
2.817000353491998794e+02
3.650939189965783385e+02
3.771116134254657482e+02
3.576203025905623463e+02
3.576703762827647211e+02
2.885332676982824296e+02
3.486148891853790133e+02
2.949397933617262879e+02
3.744008262119421033e+02
3.812256685949707276e+02
3.600243240011889725e+02
3.715284461991055309e+02
3.732331578116850892e+02
3.722741104466476258e+02
3.793802524869136050e+02
3.420409324108993019e+02
3.911675231837662068e+02
3.884062564818477767e+02
3.687457002527399936e+02
3.584758551572806482e+02
3.746788762921200373e+02
3.599973985238877390e+02
3.237245621601576318e+02
1.576404499070109182e+02
3.552383626941528973e+02
3.586966903685380998e+02
3.509945219987320115e+02
2.791900116182789588e+02
2.792723938016390548e+02
3.667366315457859969e+02
2.650725822700462686e+02
3.402396234144381424e+02
2.805897229508565829e+02
3.471595183089294778e+02
3.422014461291851148e+02
3.330470006650593291e+02
3.291984217253257725e+02
5.379316494787025249e+02
3.610666572572676500e+02
3.496600938411591528e+02
3.677357576553750391e+02
3.491567269924591415e+02
3.463146131527925604e+02
3.704484429387338196e+02
2.577998760273108019e+02
3.553402081945457098e+02
3.486553269474161425e+02
3.629301840455843831e+02
3.509680432442058873e+02
3.494809626332163930e+02
3.486106791608036133e+02
3.518112026726736303e+02
3.535262161454413103e+02
3.541546540276100927e+02
3.473368930283608620e+02
3.561439646584221919e+02
3.510507400335786201e+02
3.461705663166405884e+02
3.532578629172298292e+02
3.622919297676832571e+02
3.454404527854150615e+02
3.425744117924012926e+02
3.581313228177184556e+02
3.487380589476090904e+02
3.427825503697372937e+02
3.382898026226861248e+02
3.428509788743763806e+02
3.499391479234636222e+02
3.497692205471432203e+02
3.495705841386319435e+02
3.476324792540974045e+02
3.502963402024519723e+02
3.474022068952757536e+02
3.547448207780723806e+02
3.497034786354237781e+02
3.490699091502708029e+02
3.507186481539027909e+02
3.483143136281133252e+02
3.466062633942855200e+02
3.547892008483078712e+02
3.542604018712736433e+02
3.518377366784072819e+02
3.509685587820009118e+02
3.447632323365511411e+02
3.514013786562441624e+02
3.529132498426005782e+02
3.516905199485748312e+02
3.563778238809024970e+02
3.583175566319731615e+02
3.504466276894499401e+02
3.593545273121986270e+02
3.546341866331600841e+02
3.519368846704453517e+02
3.542978921179221743e+02
3.475693782549854518e+02
3.554349117787772911e+02
3.559201932033012099e+02
3.554944791028635223e+02
3.570836634828524438e+02
3.507824704692496312e+02
3.586178644046922841e+02
3.544617072022411435e+02
3.579219244594308975e+02
3.517680098891867715e+02
3.718770332141124868e+02
3.576538035898735188e+02
3.598900213644315613e+02
3.611288398835264957e+02
3.604396737895989418e+02
3.602736023652415156e+02
3.673408932936744691e+02
3.503232202801190169e+02
3.626128483189022518e+02
3.575615353587978120e+02
3.761634016801263556e+02
3.598237560791528153e+02
3.992442049015112389e+02
3.618766214268408135e+02
3.630853428954590640e+02
3.561095513282613183e+02
3.570952302491502905e+02
3.602165070586594311e+02
3.490000640966758851e+02
3.625405910566774423e+02
3.616775187193456418e+02
3.602723492954390281e+02
3.626185709989671295e+02
3.563985089243419111e+02
3.600078007441914565e+02
3.740242755321348227e+02
3.544608124237373090e+02
3.950759270030721382e+02
3.748966701696716655e+02
3.584912417623428951e+02
3.656404063319179727e+02
3.694539207627404949e+02
3.603506065777667118e+02
2.688289591809520402e+02
3.679933138614738937e+02
3.589696348460431636e+02
2.637105283439641426e+02
4.125263353059212363e+02
2.936762809447895393e+02
2.499410962864020291e+02
3.013047202994673057e+02
2.573067703680762861e+02
2.461754203706045701e+02
3.051399765569969986e+02
2.664643062246780687e+02
2.528434151536738455e+02
2.774704576494880826e+02
2.362337899433168786e+02
3.311361965002520833e+02
2.577190078189688052e+02
3.188466340852493772e+02
2.766063522901908414e+02
3.204438625588867353e+02
2.592023721441925659e+02
2.960742065827590181e+02
2.447824123595628691e+02
2.782219376274384217e+02
2.444051107064684629e+02
2.764539294769784874e+02
2.821134651682766616e+02
2.924074738026790783e+02
2.522080010818777112e+02
3.016412713251925197e+02
2.596419198359167808e+02
2.774522353515713462e+02
3.023781383917805101e+02
2.584972244917988178e+02
2.487389277635799658e+02
2.567790829978852116e+02
2.575534426787136226e+02
2.676491559833614247e+02
2.686037508445912749e+02
2.646044117419127701e+02
2.744878514339986282e+02
2.784396773187493181e+02
2.519821582493548533e+02
2.591316116716575380e+02
2.641158971287104578e+02
2.490742169092862639e+02
2.480799616879604628e+02
2.707766168308429542e+02
2.437665443147228928e+02
2.822951838162269951e+02
2.505574139283035322e+02
2.484747006558717715e+02
2.505861746477769429e+02
2.436076213683395792e+02
2.469333603039361833e+02
2.434430990069212157e+02
2.465631236198630063e+02
2.462034379964669313e+02
2.429843038243435558e+02
2.583413946690710645e+02
2.501982903343945566e+02
2.515196460582548639e+02
2.832194441676351175e+02
2.526069878129582946e+02
2.747189500570800647e+02
2.483056334505523353e+02
2.516585077787738669e+02
6.617810768258361804e+02
6.128216207319228488e+02
4.719766065183728188e+02
4.209363900473658191e+02
3.723983594637030592e+02
4.912189495406474293e+02
4.970330171453503567e+02
4.871517691177180041e+02
3.577746321125520126e+02
4.581746784310251428e+02
3.637654788066058131e+02
3.694087922911035662e+02
3.606689693296627297e+02
3.772755861845617460e+02
4.752180101363991866e+02
3.647279928216956932e+02
5.092815820661028283e+02
5.442613697868955569e+02
5.085434835866025765e+02
5.581756642344678312e+02
3.653212208293472827e+02
4.287687414980357516e+02
4.655473220446969549e+02
5.634622676692052892e+02
5.059501320701078839e+02
4.762706479676412528e+02
4.603224620874871107e+02
4.300858172060129618e+02
4.698823487917162538e+02
3.878209581532801735e+02
5.263386230047384515e+02
5.592978770097440702e+02
3.925042058767049866e+02
5.714864227256517779e+02
4.886051040932847513e+02
4.903371802268178499e+02
5.732469409963006228e+02
5.234478840462373910e+02
5.834977910251956246e+02
7.000981285047942038e+02
6.039689440887374303e+02
4.913160716664609140e+02
5.283877135756605412e+02
6.528432988090612525e+02
6.046791561488075786e+02
4.055568479305507594e+02
3.762614012489040078e+02
7.061059314421518138e+02
4.282268302325574609e+02
3.556495573892003677e+02
3.880805078589009440e+02
5.890410169695181821e+02
3.993065490853438178e+02
3.501377569755421177e+02
4.272100714149905230e+02
4.026481535194973276e+02
5.353506417015513534e+02
4.106040496102119732e+02
5.438712078406205137e+02
3.478006630760807525e+02
3.969560023237773407e+02
3.759497737622446039e+02
4.350902232945563242e+02
4.215365920524241119e+02
4.333585997542157884e+02
3.903974323999198646e+02
3.886367255550160280e+02
3.877809658891835625e+02
3.944085992220616390e+02
4.019099950558836554e+02
4.793190484185316222e+02
4.063709330086718410e+02
4.146264496830016242e+02
4.515113749681490845e+02
6.722328098836242134e+02
4.272012870575108536e+02
6.373880151875140427e+02
3.591160935585989478e+02
5.824200321030970144e+02
7.176103039247742572e+02
5.384009212720452524e+02
6.790772244052038786e+02
6.877676705997776025e+02
3.852100672590958084e+02
3.952645233217751297e+02
4.093830186773607807e+02
3.925996735938980464e+02
3.443830558789830434e+02
5.951063908493530334e+02
5.896775642540858371e+02
4.203823990828592514e+02
3.892812707901521776e+02
3.902786129198428853e+02
5.666497056603000146e+02
6.274077780169646985e+02
4.098443883304167343e+02
4.069454897609403474e+02
6.863570480359354633e+02
6.463927436620508615e+02
4.164458000323867850e+02
6.033169229204448811e+02
6.797764838452981166e+02
5.298564185480938704e+02
5.626114551755343882e+02
5.314324085497640908e+02
5.712508869882612998e+02
7.328772227706933791e+02
6.679435842785741215e+02
6.776571157176454108e+02
7.363255915331162669e+02
6.393884815386084028e+02
7.524155951229572565e+02
7.029812433358969201e+02
5.567573891642008448e+02
6.758839534056725142e+02
5.714062479136350703e+02
6.486465117495401955e+02
7.175279133887390799e+02
6.462958712140049329e+02
2.880321940525768127e+02
7.709940722962950304e+02
6.574107373105232455e+02
1.010873425066842515e+03
3.453089860209157678e+02
3.203769566076329625e+02
2.769079935190081869e+02
6.008822862631197950e+02
7.843586378824144276e+02
2.973001943138879142e+02
2.585244445908824673e+02
4.138398661078604732e+02
2.761380135148793897e+02
2.640069266525269995e+02
9.943792797284496601e+02
2.256888974576176281e+02
2.470684342355912690e+02
3.898863217296614607e+02
2.521289040693595211e+02
2.493839214945040510e+02
8.128576574568917295e+02
2.405388551076577812e+02
4.822204573861052950e+02
2.397326180986147222e+02
5.428158461065821712e+02
4.166771078240062138e+02
6.871451814776988840e+02
2.318281223862514935e+02
4.013010101763152306e+02
4.292246750081010305e+02
4.735668455681907858e+02
4.356644620392688694e+02
4.582918240401157846e+02
4.805827115399503668e+02
4.827103928795099250e+02
4.380629993421230211e+02
4.596778705854690088e+02
5.277341506204022608e+02
4.370473374370235433e+02
4.927286180725938038e+02
4.018632198683916954e+02
3.412022082840167059e+02
5.140460187578487421e+02
4.689868950625087223e+02
4.635106758245580068e+02
4.989390233127215311e+02
4.765614933870871255e+02
4.769426681708906699e+02
4.569567733551318156e+02
5.429959431680384796e+02
4.935186624104028397e+02
5.334620117528924084e+02
5.273781929609851886e+02
5.392748473103749802e+02
3.846433654985025896e+02
5.484601664911023136e+02
5.451270864453922513e+02
3.054960581699847921e+02
4.475274824615895000e+02
4.276569472118364388e+02
3.414843459319195063e+02
4.188869083333303251e+02
3.760544124204036507e+02
4.488063921676663313e+02
4.478553834322696048e+02
5.175369226809929160e+02
5.014878738872747022e+02
4.221455747010418804e+02
5.400554932693024739e+02
5.475874533652350920e+02
3.946514349954990166e+02
4.625022546805734009e+02
3.666757070510170138e+02
3.198126035040982629e+02
3.615857441915219965e+02
5.165717833274060240e+02
5.388225543773733079e+02
4.928939926033456231e+02
3.227167617264892101e+02
2.941607515539317319e+02
5.557410317445367127e+02
2.977920638319426985e+02
3.208856508282723894e+02
5.331782701901980772e+02
3.448872965564266337e+02
3.404505338770472349e+02
5.787323313035876708e+02
5.134378446522542845e+02
5.396377575370676141e+02
3.265913190792745127e+02
5.909788426146353686e+02
5.176724556566240381e+02
5.158658035304406440e+02
5.392748688194388933e+02
4.898638964856282882e+02
4.908923864741769876e+02
3.104024058963629500e+02
5.560846749573441912e+02
2.924088873416053502e+02
5.313529581804297095e+02
4.589434492751985317e+02
4.453381976711532388e+02
5.453490832481429607e+02
5.237902862041024719e+02
4.203169649218015707e+02
3.021196007126109748e+02
4.228465164593230838e+02
5.148946542668912798e+02
4.982359985822328667e+02
5.073013777167570879e+02
4.995123983181861718e+02
2.267971613535543725e+02
5.357318190409808949e+02
5.275008973174412858e+02
4.369410214335248952e+02
3.378766960833377766e+02
5.460585998147872715e+02
5.339078369598212248e+02
4.961219215806052034e+02
2.393926453950340374e+02
4.772100399709074168e+02
2.922885838828916008e+02
5.133756217959220294e+02
4.896939301535950335e+02
5.008580138803417299e+02
5.177817464533109160e+02
5.305164576094165341e+02
4.860829380580948396e+02
5.504387877886657634e+02
4.330074353617917495e+02
5.123140599825416075e+02
4.641639400526314034e+02
5.182373553934429538e+02
4.377703187815992010e+02
4.559533991995685938e+02
5.472572070695489401e+02
5.508397826229744396e+02
4.985336483720650449e+02
5.251470156142585211e+02
2.984696410874082630e+02
3.246543517775544956e+02
5.213377552458418904e+02
4.832431863301900989e+02
4.867869364829987262e+02
5.169781083668475503e+02
5.580558422742740277e+02
5.652226179714679120e+02
5.412712636144490261e+02
5.096098314771056721e+02
5.460733588163819832e+02
5.259647586532819332e+02
4.288914378304698971e+02
5.286087637226520428e+02
5.051046536658107016e+02
4.050374115767830290e+02
5.350682218341786438e+02
5.088816133124666408e+02
5.482148413453028297e+02
5.010953572401151632e+02
4.938358236685796783e+02
5.061346611429231643e+02
