2.840582314244984019e+01
2.856095258291466621e+01
2.828878641848662312e+01
2.704894404359282589e+01
2.829696379308180454e+01
2.723544363916192879e+01
2.854206510688743492e+01
2.842950221557627799e+01
2.701262586768069696e+01
2.859462084493840095e+01
4.564807462067004451e+01
2.186936578002338649e+01
1.939261900089267598e+01
1.644761312446699719e+01
1.329175217235126993e+01
9.605032796240763560e+00
7.108351938389074753e+00
6.733563276691526767e+00
5.712835533171334745e+00
4.927364897314461700e+00
4.786383265855866043e+00
4.426949387299615957e+00
4.336061895127934385e+00
4.197641651268176233e+00
4.127470690711302126e+00
4.044668466389431671e+00
3.966876106614537711e+00
3.723609435197645201e+00
3.644330343736400302e+00
3.594981543792368672e+00
3.613606309708275788e+00
3.597952546936831641e+00
3.580520348315086476e+00
3.544419878539835533e+00
3.586422689822431398e+00
3.585483351995957246e+00
3.604182961261789053e+00
3.634271952440375042e+00
3.728207181270706716e+00
3.876361657221077728e+00
5.090243685308800003e+00
5.767783406495770038e+00
6.995811927368825955e+00
7.267591779867608182e+00
9.109555207519973408e+01
4.563514848936418389e+01
4.132063883881247790e+01
4.400677553877169146e+01
5.578918864284144519e+01
6.831859198997941007e+01
1.148568123992665946e+01
1.616881867757895552e-01
1.384786342937427861e+00
6.447497168782931887e+00
5.607843277852604835e+00
3.137596432465897465e+02
1.074458698789034656e+02
5.264061525069516279e+01
5.273976520309627603e+01
5.229856575582014955e+01
6.207309191953307703e+01
5.886696439992539354e+01
5.913470995317896950e+01
3.352396955822574682e+02
1.720300422506131000e+01
1.752883639225324330e+01
2.122382372748528923e+01
6.274107842147976299e+01
5.398758926154327042e+01
6.945112656312711863e+01
8.395028763840585384e+01
4.742942134240327618e+02
1.697730252607694581e+02
4.404275127330475925e+01
3.989133561949212492e+01
4.143488225652975387e+01
4.285357965623086329e+01
1.736609329367627481e+02
7.600308978611957400e+01
9.671549069549834599e+01
7.608031993947240608e+02
3.967176379068416736e+02
3.112586032909678693e+02
1.380238894597504498e+02
1.352866997682874626e+02
1.129783823709084203e+02
1.321071763125420375e+02
1.134641729526299798e+02
1.097891435529112840e+02
1.084016351235548683e+02
9.985857687039748498e+01
1.043541877743384703e+02
8.594483019432972526e+01
8.929664060536606485e+01
9.707074907937396802e+01
9.815094584838067249e+01
6.083070858699754808e+02
6.169827823112898386e+02
4.857812465359945122e+02
4.867270897944576404e+02
5.377330377081214010e+02
5.338726467023029727e+02
5.109560394218887609e+02
5.342439565166727107e+02
5.204050187473413871e+02
4.991641257911848584e+02
4.988945493973895395e+02
4.572325543381306261e+02
4.873063294206224896e+02
5.130913484474277766e+02
1.473731590865127146e+02
8.331853226317802807e+01
4.618008169798579843e+01
3.641810195915404336e+01
1.864607283196781751e+01
7.058152970818529326e+00
5.818780213161383053e+00
5.895330127748366067e+00
5.844217505442859562e+00
5.858344949330041018e+00
5.825952867379102784e+00
5.825309878470237734e+00
5.872705190366163563e+00
5.740932391829088210e+00
5.871009533123236146e+00
5.825064771370862537e+00
5.862981800109279718e+00
5.961358987047571389e+00
5.828120645018101342e+00
5.847904521294440272e+00
5.929979728197419142e+00
5.855456609608761021e+00
5.885044436639602417e+00
5.752895641935011461e+00
5.810232582990354722e+00
5.889124980460962000e+00
5.855196118947360695e+00
5.809491645749893962e+00
5.860383211103756373e+00
5.828227565373809149e+00
5.922766244911699118e+00
5.779218871497930898e+00
5.827925608960854653e+00
5.773132064302946453e+00
5.927462683297481938e+00
5.803298741400720218e+00
5.920441620476272426e+00
5.766938905775118585e+00
5.738805728583131760e+00
5.922370244916263182e+00
5.826400445584720700e+00
5.793653008992750486e+00
5.777172559600689539e+00
5.934061151159276903e+00
5.775660449083566128e+00
5.893458003580356319e+00
5.885768790139083606e+00
5.812908535132473631e+00
5.776448333699576665e+00
5.927259918788926107e+00
5.871869535142219654e+00
5.850013764970899643e+00
5.867233469736897078e+00
5.914029109300070530e+00
1.374497694166703923e+02
7.801940631153567551e+01
6.358733688393701300e+01
4.666727719755223802e+01
4.036732070336321954e+01
3.854955466064399161e+01
3.911920778292139289e+01
3.892823797135713448e+01
4.045280849473683560e+01
4.039129927907336537e+01
6.238313292136540156e+01
1.054933456396596370e+02
5.031845138235162267e+02
1.589122878198772071e+02
1.466927516328805439e+02
1.417318704570472789e+02
9.881220451017448170e+01
1.069181185851381741e+02
1.037599025836294402e+02
2.151321028833517914e+02
2.763399027177512721e+02
3.193741209317445851e+02
3.086666543311568489e+02
3.075145496677524761e+02
3.319722771848828415e+02
2.498229867315818922e+02
2.515687329142371027e+02
2.565600437353508596e+02
2.217935775379916379e+02
2.305558980255999018e+02
2.662511057771265541e+02
2.105320994587099506e+02
2.098762057638382146e+02
1.786116649835578585e+02
2.118404191441191244e+02
1.929798034683804815e+02
1.925684760395201636e+02
1.690453359527329837e+02
1.587165742500957890e+02
2.095677707368565734e+02
1.380065996802389918e+02
1.301484939379960508e+02
1.315437000813990664e+02
1.188422391889076408e+02
1.442669046781940949e+02
1.110137448031406109e+02
9.263889182334654038e+01
8.194315680686801784e+01
7.929068525966033576e+01
7.266575448005828264e+01
6.833686562437162593e+01
6.069495984894483342e+01
6.828002868986823160e+01
7.888076700437325428e+01
7.984096129040001699e+01
1.341561318260089308e+02
7.601508221199732418e+01
5.512216723844674249e+01
4.487328182674568211e+01
5.187966127596148880e+01
3.934660601419298587e+01
3.896493230442591482e+01
1.905130893671681491e+01
8.181873318111374971e+00
9.496527182349312479e-02
-7.785889244528884090e-01
-8.248519934542766219e-01
-1.420735261635716506e+00
-5.504294203345302394e-01
2.358108829393457118e-01
2.262836098130723839e-01
2.692033926686410172e+00
3.463385149892219683e+00
1.041763836453744396e+01
5.518189821481687432e+02
6.377040885396232284e+01
7.794116124391860012e+01
8.241012454683057342e+01
1.045857650965174628e+02
1.113025568774535401e+02
1.761220240757114937e+02
1.482066686253706678e+02
1.049434236155495768e+02
1.186925640430088293e+02
1.220117038999313621e+02
1.247157677502714108e+02
1.067164552669831039e+02
7.192628507315643560e+01
6.702042168117465337e+01
6.449839226350101740e+01
6.057214694344540362e+01
1.533938506177203465e+02
1.889691650181588045e+02
8.222858180639279624e+01
1.014390968396412234e+02
9.087444792932186033e+01
7.147698092740752429e+01
1.331649675100199204e+02
7.832555204927867010e+01
5.885052783861765135e+01
5.998279846524941661e+01
9.565317994093190634e+01
1.043586928857148308e+02
1.993188359005028758e+02
2.198998087850435468e+02
2.167505866278661699e+02
1.582372612041952777e+02
1.463655136451995133e+02
1.410918271445880521e+02
1.376178978062877150e+02
1.269684458481487326e+02
1.289296523593420716e+02
1.237496174596984844e+02
8.819048061332100019e+01
8.115451810996260917e+01
8.261907632128502144e+01
7.229780515112813077e+01
5.979780584804588273e+01
1.783021859270369021e+02
8.436975452229221162e+01
6.878244061230186901e+01
5.127983120197345102e+01
4.626657465331702213e+01
4.695614570362776874e+01
4.515140590474049986e+01
4.419506605589762671e+01
4.576694534199541664e+01
4.899628376689248199e+01
4.570087054148689276e+01
7.393387832938596205e+01
1.108105293233816155e+02
9.310852141483543676e+01
8.457580622481334842e+01
6.474554670625825281e+01
4.896928910023751058e+01
4.507320201124279890e+01
4.627615155203969266e+01
4.598785529418353946e+01
4.938802098873949120e+01
5.411755566717095434e+01
5.782257217170617736e+01
6.366992266496370689e+01
6.909129046011810260e+01
7.577434105888008276e+01
9.477588586728019493e+01
3.568120801340690491e+02
9.771079530807778610e+02
2.656429853321265568e+02
1.870501056128794630e+02
1.752423166851666849e+02
1.826145660269789062e+02
1.415947355452190664e+02
1.144743730720064292e+02
1.150705730493849472e+02
1.218464969214071516e+02
1.131188945551091933e+02
8.708738478978642661e+01
7.592181751605737361e+01
7.493595958413210667e+01
7.134304006382598118e+01
7.015724765028666354e+01
6.107266040186416944e+01
6.008064562271741238e+01
5.541524311828629124e+01
5.519063026720665022e+01
5.572124496374465963e+01
5.623336191746599866e+01
5.289088231649182603e+01
5.892393680502959796e+01
5.934378099566131937e+01
5.365976908884699981e+01
5.594556002356246438e+01
5.737553806017844238e+01
5.971427011536215446e+01
5.684971465331988583e+01
5.093986896976628032e+01
4.749920678811069052e+01
4.784856376559384472e+01
4.820754630478080571e+01
5.690274025684632306e+02
6.438926690353823687e+02
1.511491286921443020e+02
1.681826103581972234e+02
1.014271080516410848e+02
1.077527352951070725e+02
2.119541226482838283e+02
2.021924719967171882e+02
1.761795349645248336e+02
2.003804504700156599e+02
2.617741990432571697e+02
2.683019689149566034e+02
2.646352274187099169e+02
2.529130601282585928e+02
2.647828357321318435e+02
1.703316338185802010e+02
6.701331648990126268e+02
1.106699393678226926e+02
1.542185161571360084e+02
1.726010443418447267e+02
3.493459917821202225e+02
2.800443510366840769e+02
2.733710099156328397e+02
4.966004874382683738e+02
4.965267195138694092e+02
4.620442483632339759e+02
5.510548035879573945e+02
4.588472470342738916e+02
4.278273954372439789e+02
5.087219284637748160e+02
5.005422870126328121e+02
5.348753934018517384e+02
5.116163788146150750e+02
5.074672677713750772e+02
4.946098253616260081e+02
5.023470733450589591e+02
4.951004097071349861e+02
2.823690995969177493e+02
6.840672809991202712e+02
5.990401296423672193e+02
5.617752597273129140e+02
1.878750767669298796e+02
9.316912094798502153e+01
1.014198295121651938e+02
4.039015544532671242e+01
3.839155111819432875e+01
3.863895363357449497e+01
3.853187035480374334e+01
3.893810462094283764e+01
4.049660252212667189e+01
4.036831793945506774e+01
3.727299519146013296e+01
3.874084365717911282e+01
3.716838645337308833e+01
3.862753771363765765e+01
3.847343493137025661e+01
3.891674651853107747e+01
3.826680023914016715e+01
3.831549398492490610e+01
3.871155278229537799e+01
3.866702903507505340e+01
4.006312832453269124e+01
3.844014582226408550e+01
3.738171322409844777e+01
3.871145214533845547e+01
3.696297750745197419e+01
3.908336180683272687e+01
3.831646585378554448e+01
3.675843483355608043e+01
3.860420450434447304e+01
3.702066381280455687e+01
3.867608809687014570e+01
4.043998136588707126e+01
3.870355740875057649e+01
3.904118621947595358e+01
4.025011290383817197e+01
3.853333406743675482e+01
3.869669169959511379e+01
4.049239321092529309e+01
3.691399978263046933e+01
3.844420272857637855e+01
3.894119051631755468e+01
4.033852920431553457e+01
5.183799530298841063e+01
5.681668571943645674e+01
5.668821658995973678e+01
4.278521861169221552e+01
3.994200434993927473e+01
3.994514358826083367e+01
3.974790621403845847e+01
3.962654982747999100e+01
3.860792106773433829e+01
4.186989995581672730e+01
4.033350373161671598e+01
4.172179387359417291e+01
4.002398484408909951e+01
4.217341563805843663e+01
5.634366543617491629e+01
1.508129820702036170e+02
4.728013193304668249e+01
1.027205151417764682e+03
2.086957182579442076e+02
1.662957934319343849e+02
1.604015914654559083e+02
1.684605070279424979e+02
1.616678113365566958e+02
1.546153043840942871e+02
1.799620673478756601e+02
1.091695078457956072e+02
1.030780244007093103e+02
8.520757939706622608e+01
8.330256397505418420e+01
7.881166233712677638e+01
8.234525128305389785e+01
8.887586537375574380e+01
1.003042776095870181e+02
4.823438866070133599e+02
6.062552243936244167e+02
6.531945757472918785e+02
6.939054989522361439e+02
7.552485206316493986e+02
6.836683774738222610e+02
6.553730215114185285e+02
6.100742049721430931e+02
5.587322717276523463e+02
2.892943650312489581e+02
2.199649884552761137e+02
2.084547707509059933e+02
2.013549808684954883e+02
2.042233171562789664e+02
1.968210680985865224e+02
3.528950809972741922e+02
2.042674121662990956e+02
2.011546318517399357e+02
2.226944032327642446e+02
3.930745657222367413e+02
1.860126192712565967e+02
4.916464851865525816e+02
4.079558164832586726e+02
7.002326912784927799e+02
5.911362765437482949e+02
3.579577700678246970e+02
1.794836028201681586e+02
9.643755173540883163e+01
9.297021458331762744e+01
8.990089691593989585e+01
8.806657594129751487e+01
8.809750999803975446e+01
9.127750413605441793e+01
9.584814642501618209e+01
2.649218170302370936e+02
3.477803138397948146e+02
3.037643157610002049e+02
2.479491991388044596e+02
5.086344431952700518e+01
2.288574207495037882e+01
2.025937664866635401e+01
2.373651163654315610e+01
2.643422692402470489e+02
8.316630492868833358e+01
2.063204391343076054e+02
1.409668672944145271e+02
1.421474442852939433e+02
1.862407090906565656e+02
1.823503516714042689e+02
2.198892962264509379e+02
2.412438725313385532e+02
2.227035647698428420e+02
6.111437308363714038e+01
1.004318895862328276e+02
2.089623444899902438e+01
7.768730067408031914e+01
6.371774411388952331e+02
8.905256382831029782e+01
9.223505226781338706e+01
1.289204999126783662e+02
9.492953808004958205e+01
1.510050173787507788e+02
4.419651343459133841e+02
8.692178721602184055e+01
8.724749590964999868e+01
9.013097726133845811e+01
9.281574105435568356e+01
8.974521597566796061e+01
9.167535842558268655e+01
2.536285301449683800e+02
4.884216232007445058e+01
1.625112606363338941e+01
3.588601182758072810e+02
3.629748730710392124e+02
5.920294362721119796e+02
3.617015552465653627e+02
7.000730751426985989e+02
2.635898186895535105e+02
2.279562729394118605e+02
4.310857088500632699e+02
1.400037881309386023e+02
1.044080979986315043e+02
1.073813994166570751e+02
1.039275307587025310e+02
1.109415136814492371e+02
1.500979063019599380e+02
1.465010728178080797e+02
1.431974924021402842e+02
1.039051432585051060e+02
1.055993075938500425e+02
1.175298398999344442e+02
1.427914746099880290e+02
2.098219071057730503e+02
7.120192926234537936e+02
2.052720384488409593e+02
1.837454556534428036e+02
6.795228214477108395e+02
1.781184197234985334e+02
5.961965287225782504e+02
2.071531272715428997e+02
5.854454560930997786e+02
4.512497017173199652e+02
1.569620403868537437e+02
4.036204545651908120e+02
3.292920362128914462e+02
3.421893904862178601e+02
3.641426310666439576e+02
1.075596574643140144e+02
1.013382462121816303e+02
7.637849165104076121e+01
4.215684242242668915e+02
4.030406611210217989e+02
2.763000982304747026e+02
2.881561843027233181e+02
4.049491641937644886e+02
5.390696702547978703e+02
5.011304323026949419e+02
8.507205967524593859e+01
1.879963785864630097e+02
1.715890265664710626e+02
3.455831119522949848e+02
5.005114909608381595e+02
9.058970118336030737e+02
9.734345555004093740e+02
8.890494392722989687e+02
8.236732725736619614e+02
6.667745839025305941e+02
3.921231799636985897e+02
1.372490648605516661e+01
1.792642682839971613e+01
3.198638782524198518e+02
1.367973234172170116e+01
1.620047104930201698e+01
1.551408772149157933e+01
1.480250568807361766e+01
1.325532968222197461e+01
1.609365820856211471e+01
1.860811339263767294e+01
1.484694958461506076e+01
1.784210515804196007e+01
2.004919796932317411e+01
1.812576119780751327e+01
1.938456107679262885e+01
1.778769294779471366e+01
1.747757625223882627e+01
1.533214752862673969e+01
1.728800509658160678e+01
1.527451782363078081e+01
1.910865846967285364e+01
1.469815982182810288e+01
1.285220742722845344e+01
4.017272072737036126e+01
1.362903205015390817e+01
3.027862991719713364e+02
1.366382083260418590e+01
3.081361061813689162e+02
3.034038219896065129e+02
2.324854577276713030e+01
2.954935470182243762e+02
2.990762792480006738e+02
2.978655643799095856e+02
2.584393408199828741e+02
3.098847042919595083e+02
2.986652793700410484e+02
3.060063720480145548e+02
2.999790648745797625e+02
2.909125211807750588e+02
2.944860964209735243e+02
3.146591654465441366e+02
2.725093757888265031e+02
3.198200794752589786e+02
2.718895573891837785e+02
3.465116661102744047e+02
2.762778590247758075e+02
2.983933286129060320e+02
3.394992166095321977e+02
2.654561068791117009e+02
2.459518980797100767e+02
2.918174213627049767e+02
2.674564469784592120e+02
3.951150401736070990e+02
2.659674107654230966e+02
3.523734027271746072e+02
2.651821498937790125e+02
2.582249413239013620e+02
3.073648308209488391e+02
2.421710002466994922e+02
2.874579088282359862e+02
2.230237906458812063e+02
2.350017508917237876e+02
2.561473581268871840e+02
2.485003958342110764e+02
3.644976115317637664e+02
2.477809647482461060e+02
2.522643940765469210e+02
2.426106618732088975e+02
2.594377682915704213e+02
3.007536270208117912e+02
2.672372340322716013e+02
2.471625741068210402e+02
2.343617023310763727e+02
2.333240615765102177e+02
2.385100586907868774e+02
2.846286574431597387e+02
3.228046023881445308e+02
2.435935545027452349e+02
2.537646127596136125e+02
2.870863638862182938e+02
2.247553247956677183e+02
2.715857971830582187e+02
2.582223551931062389e+02
2.839379341699938095e+02
2.490932340583983375e+02
3.102430033930405671e+02
2.917778954950289858e+02
2.456209201112539233e+02
3.315962416264598573e+02
3.016842028059999166e+02
3.296035906356657961e+02
3.391352772388045764e+02
3.260471834312032797e+02
2.830153854494409416e+02
3.367302187024374689e+02
3.356118067680116042e+02
3.398135739950765242e+02
3.287836161269664785e+02
3.447618473485706545e+02
3.370101518883370204e+02
2.936195245304241439e+02
4.337271198950393227e+02
3.159887261200615285e+02
2.771250964592731520e+02
3.327461715721622113e+02
3.513778044084248791e+02
3.312092497970189697e+02
3.068019826515055684e+02
3.023863831847431243e+02
2.705897387815788875e+02
3.754204134762093759e+02
3.577494012791763112e+02
2.975555410850162161e+02
3.714073614750289494e+02
3.883144624942652854e+02
3.790313695839896582e+02
3.867033238652539922e+02
3.738979327008806308e+02
3.975426244001277496e+02
9.844955782024147766e+02
3.902669143239145342e+02
4.128135815779908739e+02
3.384800245844455731e+02
4.127435222814822851e+02
4.655162030124053558e+02
3.404861557488198969e+02
3.809171215036776630e+02
3.486760789533915386e+02
9.913753415198790435e+02
3.404868382324015670e+02
3.480598529086970530e+02
3.416694737295583195e+02
3.611485205828399216e+02
3.425883451468986323e+02
3.926581454600046186e+02
3.474989473427202142e+02
3.539669007050234768e+02
3.559668948962642503e+02
3.493558474707836012e+02
3.644279780172120127e+02
3.475295761165386352e+02
2.458768869653426350e+02
4.478509966187455689e+02
3.407290168869112676e+02
3.165128326818231699e+02
3.294541951684317382e+02
3.482626300033660982e+02
4.131486981938684835e+02
9.908906867499330247e+02
3.846922739496513941e+02
3.213352931163275912e+02
3.654784367077385241e+02
9.862654016580820553e+02
9.859742167597224807e+02
9.876183634695348701e+02
9.814539673953827332e+02
9.780437111442969353e+02
5.100877009999501333e+00
6.489222592963673542e+00
1.174744369285231738e+00
9.156490858054113779e-01
3.110102100565466099e+00
2.672095373847336752e+00
1.082048063463626306e+02
1.765671295970204540e+02
3.482472608076604104e+01
7.446021885249888506e+00
5.536603137002724218e+00
2.447297344654888462e+00
3.205331571809194813e+00
5.754546486399616967e+00
9.761244705674078759e+00
1.482877927793615669e+01
1.472695116788630187e+01
1.285095508729633451e+01
1.404143333311453290e+01
1.501775837037590300e+01
1.562312225825662182e+01
2.534424027452586969e+01
3.372189847768670745e+01
4.969812407320631564e+02
6.923848786675348776e+01
2.105199941938178654e+01
5.538989495457652623e+01
3.655473143076028464e+01
1.204911327754688699e+01
1.406054877483238208e+01
1.382061894359643794e+01
1.069651691892492984e+01
1.353819518330963945e+01
1.350549657540873660e+01
9.960069043505246356e+00
1.131235546784115620e+01
2.722769061945266689e+00
2.414748854760252694e+00
2.785291975392660380e+00
3.440160789958945919e+00
4.018252693018219190e+00
3.971324022126095699e+00
1.718885446129906569e+01
1.255871247416187408e+01
8.028588308738184409e+00
2.910909049667949944e+00
2.944921033652641462e+00
3.136826153269295592e+00
2.903162613418939220e+00
2.955201777375831007e+00
7.524260412626064820e+00
1.165182802272277307e+01
4.256750905369238502e+00
1.002268761630809557e+01
4.137663450153204359e+00
1.027363215216838022e+01
1.262444545976241628e+01
3.773671343814145818e+00
4.736661432768519475e+00
1.447989398323884203e+01
1.866477015790101746e+01
7.755807256047572196e+01
1.041693944578738638e+03
2.215836088078852413e+02
2.254446215315307711e+02
2.190016972774103010e+02
2.639729626050367415e+02
2.259936090008743861e+02
2.300985207178752034e+02
4.537808560611576354e+02
9.240152180630603596e+01
2.428488583820204951e+02
9.805547305902189237e+02
9.866550974277354271e+02
3.496434519512602037e+02
3.865396533920390709e+01
3.851311493951581610e+01
3.703311451475044436e+01
3.903252337220190782e+01
3.844110866738188292e+01
3.898267133646800175e+01
3.714688926432867078e+01
4.040835054611242327e+01
3.873102922972746143e+01
3.882609840929826106e+01
4.003731310819323852e+01
3.875507668817196816e+01
3.882460125101444248e+01
3.877819598833696091e+01
3.869828090690901234e+01
3.717058732868964910e+01
3.884351521962635445e+01
3.884796652095767655e+01
3.876410597124903745e+01
3.871323190186735275e+01
3.863407100718141152e+01
3.860206506040923102e+01
3.914081182230796685e+01
3.859057189142432520e+01
3.873080733525620190e+01
3.868773058057772829e+01
3.899737655496900857e+01
3.704132558104662110e+01
3.871864571115252573e+01
3.870552718328346486e+01
3.830891931739991918e+01
3.826548916341725004e+01
3.871241153521854272e+01
3.901237053419644951e+01
3.884381706344045426e+01
3.854035092398626716e+01
3.835283178082867295e+01
3.705712628680591791e+01
4.012289571727125548e+01
3.831520597677656070e+01
4.019868520789202648e+01
3.901237364614678427e+01
3.895257422358007204e+01
3.856432321495114479e+01
3.849245000878028833e+01
3.866652120532122439e+01
3.912051052512227756e+01
3.857270338736010729e+01
3.849770069559977514e+01
3.858413013176766526e+01
3.887035414090413354e+01
3.834762197563452446e+01
3.857192380261970044e+01
4.006611588640731725e+01
3.857728337431808541e+01
3.852960251172417117e+01
3.835099117957797432e+01
3.723882932794434453e+01
3.909372941980326743e+01
1.191248871446696000e+02
1.771115791625425970e+02
1.764017493762713116e+02
1.865160925094486117e+02
1.753630888600996798e+02
1.865552645631081248e+02
1.867346956695093922e+02
1.789897569912281199e+02
1.829656617794138924e+02
3.084691037563063674e+02
4.428845935996483831e+02
4.320108692392796570e+02
1.639300198792909384e+02
7.002610250962190719e+01
5.223476704107910962e+01
3.412008152517934434e+01
2.429922397333732675e+01
2.488508687367686179e+01
2.434997374038684370e+01
2.121710871504009077e+01
2.225069804815947805e+01
2.657795061541923332e+01
2.684548714750356879e+01
4.861391506680458008e+01
1.018282769876873090e+03
1.168666010941801687e+03
5.169621656896404716e+01
5.164529046259735878e+01
5.362880694222849343e+01
5.198566555999012451e+01
5.408383888017014840e+01
1.442524393084109988e+02
5.152002725591573551e+01
5.140391630149964186e+01
5.121320575529426833e+01
1.961320176555876458e+02
1.511065339768817921e+02
9.870114958079940948e+01
9.786229990492063280e+01
9.301613374108170262e+01
9.633261652901514083e+01
2.614866844281779095e+02
9.593136528938592278e+01
1.451728325450099817e+02
5.265945174079740809e+01
4.970013765204051737e+01
4.883949001592146999e+01
4.920439455191771572e+01
5.271388398610913129e+01
3.038832146102819110e+01
2.127650064315283629e+01
1.752959005858794939e+01
1.196875128164196767e+01
9.846815753409376981e+00
1.111339649052069056e+01
9.996645364775625708e+00
8.866670842848993317e+00
1.870749925065175390e+01
1.305623139348274542e+01
1.980426404515708683e+01
2.668572851920327480e+02
5.130671895833808094e+01
5.016733059189454025e+01
5.207948965297714494e+01
5.241984210666576871e+01
5.308444492635481282e+01
1.680731603980470936e+02
1.584059879051740154e+02
1.532314985243742740e+02
1.077731862262236433e+02
1.058645421079673525e+02
1.097756811897858285e+02
1.054718187932035676e+02
1.050169007823553358e+02
1.143785988817688946e+02
1.132617738631072655e+02
3.441794889871870851e+02
3.078408887685757236e+02
1.770715104326048390e+02
2.542249737157083018e+02
1.359240631538998230e+02
1.509460162276888866e+02
1.262122316880834916e+02
1.550044217779044970e+02
1.320621685324812233e+02
1.080429742989014414e+02
2.453880431808473475e+02
3.112226022327350847e+02
6.123547455291173947e+02
3.569063911136221918e+02
3.637490495619327362e+02
3.314398150256438385e+02
5.343355635492079045e+02
3.756556519330409856e+02
4.833359967994342128e+02
4.620744270088918597e+02
3.055328333100677014e+02
2.953260976874437915e+02
4.325710306968863961e+02
2.922605022860217332e+02
4.023620305670457924e+02
2.560815540889157091e+02
3.346018656657474253e+02
3.356430500378064608e+02
2.910344154238809438e+02
3.346254325713406956e+02
1.339140821202000780e+03
1.494090152309989662e+03
9.159566854858817351e+02
4.880273739363549907e+02
2.170650285640575703e+02
3.569215816086761492e+02
3.997554968538449316e+02
2.678812798446903116e+02
5.421547542276393870e+02
4.248055244543897970e+02
4.464848513359330013e+02
3.275588886001051492e+02
4.445060100323856318e+02
3.881339076307642131e+02
3.187614102760006176e+02
3.688121372988910025e+02
