3.890953544455237534e+01
3.328722003204284619e+01
3.466183158181424773e+01
3.526980663669011307e+01
3.542784727978025217e+01
3.589829906398702519e+01
3.414271010368549497e+01
1.760942223507869642e+01
1.200502097044987160e+01
1.105581290537567263e+01
9.549190191076029066e+00
8.184735242010233947e+00
7.767619415866588994e+00
6.113408661523171084e+00
4.822570925941018771e+00
4.665385531062868019e+00
4.116938048907832659e+00
3.824291166010572507e+00
3.551729263095294353e+00
3.763506922634215712e+00
3.799495375087811766e+00
3.734616298662893907e+00
4.018691318803311319e+00
4.215484121169670750e+00
4.793755578488213764e+00
5.507792359080374567e+00
5.768317513548751663e+00
6.458103268949713538e+00
6.694225361808111785e+00
7.684661904606806537e+00
1.089720553497692102e+01
1.730633199271392542e+01
1.373523161823837881e+02
1.022080819480282372e+02
4.102730178775154712e+01
3.969137825921934137e+01
4.129956773648191160e+01
6.411808599795112684e+01
6.533549147713215177e+01
4.669999063190180522e+01
1.551278444510722920e+02
5.168236198924116565e+01
1.252405726083832178e+02
1.550358698044359187e+02
1.583403333215824489e+02
1.500662740901593111e+02
1.487983992995833944e+02
1.214589084721548886e+02
9.033679048466784423e+01
1.080711935000097554e+02
1.729050379368609640e+02
1.239015648650151604e+02
2.356525722089329236e+02
3.027007227726531937e+02
1.674853737788425008e+02
1.823553763740733018e+02
3.092776958300166257e+02
3.216542246557050362e+02
3.582673542674243095e+02
3.910488319281098484e+02
3.927119503215446343e+02
4.712011407529418534e+02
5.100498869150660539e+02
3.706510228543449443e+02
3.032963424198529765e+02
3.702086742635305541e+02
3.112121089305854298e+02
3.671805775379650072e+02
2.916952740340263404e+02
2.474110585730317098e+02
2.498875844661893382e+02
2.266365853675672781e+02
2.610952683258389015e+02
2.668830497262618451e+02
2.555752571773224417e+02
2.107716430427140892e+02
2.693363444135405302e+02
2.359144075750176341e+02
2.223075220998915142e+02
2.090185413483999923e+02
1.355667904070951124e+02
1.797761068880290907e+02
1.765328339429315463e+02
1.776117735706392011e+02
1.536367977968599519e+02
1.237891841142584752e+02
1.753050584381497856e+02
1.853787205692605085e+02
1.691522334703859656e+02
1.841231967370779898e+02
1.916149116996169823e+02
1.171191820145356246e+02
1.847250196254313721e+02
1.855019481770357856e+02
1.985667277581817984e+02
1.935665028610577849e+02
2.046402653893394188e+02
1.996971547571709777e+02
2.201332776150998427e+02
2.182464398391808800e+02
2.197644379554988632e+02
2.272766073490478504e+02
2.295530672985543674e+02
2.182281731543518504e+02
2.184881815454834566e+02
2.258753694599411119e+02
2.291482563236332055e+02
2.499595434675605361e+02
2.362367053351888444e+02
2.120909204793011611e+02
2.328993880730999990e+02
2.128017468225359039e+02
2.130463301186314595e+02
1.990039997412052060e+02
2.081736133180650654e+02
1.894782549758998300e+02
2.006316732462993571e+02
1.984102354801518118e+02
1.094734973250743622e+02
2.458242926223447284e+02
2.087668020454440807e+02
1.181796855077230077e+02
1.210606947237177025e+02
2.645573413938680005e+02
3.134610175866303052e+02
3.589820527605650113e+02
3.043972894224082211e+02
1.058903733621371117e+02
2.292974387571495356e+02
2.307902849445037532e+02
3.142953374764196610e+02
2.284367730994966905e+02
1.340580700013141495e+02
1.052425945796254751e+02
2.099616614660916696e+02
1.731005125965867251e+02
3.194680173184891601e+02
3.171787389634147303e+02
2.280750526290519247e+02
3.619869370104788118e+02
3.057633574255172562e+02
2.679068910079535044e+02
4.916700120200323454e+02
2.388816766176185240e+02
2.529768686136630436e+02
3.225664573942290190e+02
3.648824914530733849e+02
2.399039906332846783e+02
1.165962377083105821e+02
2.295149164142918039e+02
3.110490245568327055e+02
2.657461423963184188e+02
2.911077181239452898e+02
2.710286708562723561e+02
2.329781337599155790e+02
2.736596351784015724e+02
2.544659368653610443e+02
3.345828744244734025e+02
3.439054371331326934e+02
3.116718978900287880e+02
3.057825980786785180e+02
3.077776162896812480e+02
3.185825440149058068e+02
3.008308822165367928e+02
3.082205735538935301e+02
2.974502082611460310e+02
2.997392061509309542e+02
2.667389397085284486e+02
2.992007880934986019e+02
3.325001716139305472e+02
2.966850796917560729e+02
3.045156904048772617e+02
2.887833263289562638e+02
3.259426107585826458e+02
2.206771716668799854e+02
2.947727732322708221e+02
3.058062932518309367e+02
3.222584069344097202e+02
3.132549855802608931e+02
3.047668037495457725e+02
3.109845298120290522e+02
3.081320567798749721e+02
3.029685090810382349e+02
3.156159464486150910e+02
3.093746572596998590e+02
3.008424836289458995e+02
2.991613590767877326e+02
2.872144035190811451e+02
3.195163955736966273e+02
3.207250029276555097e+02
2.930715719828923511e+02
2.987276518428815848e+02
3.082871668724829419e+02
3.147567200549880795e+02
3.269994558262715714e+02
3.050714320951376521e+02
3.170918362742524437e+02
3.311156329036024886e+02
3.231533886491982344e+02
3.312930402924947089e+02
3.116987883318627155e+02
3.205917293949207192e+02
3.212467945288955207e+02
3.183212239477953176e+02
3.114368044807687284e+02
3.199915423543443467e+02
3.171484550064974997e+02
2.728052363351082477e+02
3.088042068452454600e+02
3.297485538715030771e+02
3.163977922437969141e+02
3.190566410203496730e+02
3.160566293700833285e+02
3.135084901788060279e+02
3.166070576275856752e+02
3.165248006283079576e+02
3.161402603018690343e+02
3.168300595932141732e+02
3.141501984485185517e+02
3.131876568328248140e+02
3.130343594925403750e+02
3.169026289564756098e+02
3.193264870925246441e+02
3.016576246972396689e+02
3.295320225632638653e+02
3.300647253588981016e+02
3.053313832306031941e+02
3.156235830578930290e+02
3.158268695185332717e+02
3.214459718436925186e+02
3.047987261574629088e+02
3.121330535713503309e+02
3.233233166499397839e+02
3.165446186774813100e+02
3.136143346650308104e+02
3.148078457790134621e+02
3.173047204713103611e+02
3.126544838303359484e+02
3.130270723570531572e+02
3.151855712744952029e+02
3.111553637851122858e+02
3.191524913018297980e+02
3.174444357205625806e+02
3.233188840534900237e+02
3.161935124243764221e+02
3.001724023807809658e+02
3.120519657986432662e+02
3.136364568955161758e+02
2.913667817456878311e+02
3.139575774967476036e+02
3.154703780435322642e+02
2.934756410318178155e+02
3.119161716232483741e+02
3.115244557837312982e+02
3.117447459257420519e+02
3.195712183731880032e+02
3.098061639776908009e+02
3.089221869848458937e+02
3.143101015244624818e+02
3.091146366689131355e+02
3.031092142631324577e+02
3.040856530474868009e+02
3.232257756444110441e+02
3.248081502805648029e+02
3.161991991289131647e+02
3.086195066650049625e+02
2.971509965529810984e+02
2.905743801587999542e+02
3.094440037639533330e+02
3.339645484029031195e+02
3.109002113459891348e+02
1.229948197553191420e+02
3.149178388303319025e+02
3.059139585932106229e+02
1.164617831511694419e+02
3.237130602401188071e+02
3.068665257112409677e+02
2.968132432468985940e+02
2.934179768624910025e+02
3.199743396431504721e+02
3.158490008745334876e+02
2.883446243440037051e+02
2.981596579677981254e+02
2.896053660729918988e+02
2.952175759330630740e+02
3.110679033605281347e+02
2.993204806643170741e+02
3.010377375827669084e+02
2.955379615614293698e+02
3.091370151873726968e+02
3.044037503962746314e+02
3.064281472572974963e+02
3.023784828717707001e+02
3.132101818522367580e+02
3.113561007741392359e+02
2.915263699760077998e+02
3.363804732808334279e+02
3.234980974751385929e+02
3.181954058243180157e+02
3.158792047801676972e+02
3.185851807592206910e+02
3.103689498452499720e+02
3.200140354698274336e+02
3.194493621998624349e+02
3.005299136922115508e+02
2.781787150535229785e+02
3.214485935057011829e+02
3.141604864927046492e+02
3.013854105992344330e+02
2.994929693414654253e+02
3.069303380184242087e+02
3.164353056354366345e+02
3.173045370807163295e+02
2.644992587277698135e+02
3.174202443713284651e+02
3.119830455070606376e+02
3.377841374331125621e+02
3.174099733399520460e+02
3.081466519531406902e+02
3.022800806591378660e+02
3.052486004592739732e+02
3.224578126627010874e+02
3.296998586702183047e+02
3.150192699957211744e+02
3.185063797624338235e+02
3.113875250827932177e+02
3.089910254697403502e+02
3.318379665500659712e+02
3.148317487011941012e+02
3.329671230726343083e+02
3.210329795232736956e+02
3.343368307498968761e+02
3.130976890402420736e+02
3.167675310340767396e+02
3.310606717455619332e+02
3.225657733405485601e+02
3.093245125885327411e+02
3.241867844464583754e+02
3.068331227396662939e+02
3.220699771540328129e+02
2.794293296762756995e+02
2.346885556645658255e+02
2.707243223620760659e+02
5.763862461935792680e+01
3.291868124942829468e+02
3.332263706547704487e+02
5.174837993228793920e+01
2.494860143639679961e+02
3.282123190209018162e+02
3.041944405527954132e+02
5.272639757891275991e+01
3.261308742912812022e+02
3.254093598488080374e+02
2.540465123183634830e+02
2.735357656605774537e+02
1.663490554848321779e+02
2.708563050553759410e+01
9.415578932125004741e+00
1.280314829003631871e+01
7.170153739054955011e+00
6.071947265143846195e+00
5.754224328140628231e+00
5.412800159504913111e+00
5.320482737079901270e+00
5.286339634387154263e+00
5.410440674388433457e+00
5.350183253412509110e+00
5.348682499791787670e+00
5.326630922178853922e+00
5.399661127581181219e+00
5.301091120487597230e+00
5.345248420218670304e+00
5.271896692780339677e+00
5.333735878390675644e+00
5.368614769355486871e+00
5.263159218942983664e+00
5.345863218941358852e+00
5.304821934323055821e+00
5.338072252112668004e+00
5.326052426162073417e+00
5.316710402795107093e+00
5.348226194463091332e+00
5.430795573864041437e+00
5.336198474656255186e+00
5.378367719569138394e+00
5.346421290469596244e+00
5.450604667927811064e+00
7.693467476851322040e+00
7.402527355338571979e+00
6.240690444063559106e+00
5.896637413803945904e+00
5.657579623697047921e+00
8.357119178231105394e+00
2.220718084979333895e+01
1.805537351654012568e+01
2.483703071346624114e+01
2.294639138992343064e+01
3.085109797282150268e+01
2.841454144758689893e+01
2.503521684412844905e+01
2.606973668344399897e+01
2.487703754862896943e+01
2.684027734814831589e+01
2.839313658708367072e+01
4.036531160472655699e+01
5.724415233939305381e+01
4.255860336916440900e+01
1.393378241567518216e+02
2.049293553345381156e+02
3.844071711324848195e+01
3.887133061264879075e+01
3.888290536219059135e+01
3.886370866905615884e+01
4.014569687460318903e+01
4.025434328809718210e+01
3.893002933010416200e+01
4.009265382828237279e+01
3.690641139287317429e+01
3.876402925505000496e+01
3.706998973054855639e+01
3.879594697370369261e+01
3.896498138981977633e+01
4.208505800892756810e+01
3.886297773115389731e+01
3.731066636359273758e+01
3.886389886429056162e+01
3.901842189529106975e+01
3.916960689312838895e+01
3.892415773662145995e+01
3.855162735312245559e+01
3.860070953085783430e+01
3.850967410382656197e+01
3.878885662663705602e+01
3.903074716906227337e+01
3.852893524584790441e+01
3.721028497832955395e+01
3.854878029401942996e+01
3.877819396924811457e+01
4.030761559553413065e+01
3.852820491416719761e+01
3.886210561875692804e+01
4.028142569862702516e+01
3.823714929877618118e+01
3.899493018922122900e+01
3.848319627683245869e+01
3.869037164484733893e+01
3.862054841360428981e+01
4.020272562302464792e+01
3.839607737752197636e+01
3.878232021514212846e+01
3.876166558408255725e+01
3.859125144122916140e+01
3.859354972117837690e+01
3.738844377806407238e+01
3.730815583266592483e+01
3.699525250347383576e+01
3.855645557797365086e+01
3.739375979696870900e+01
3.902226159298795949e+01
3.866741772834159008e+01
3.899625969216429411e+01
3.727781118480529443e+01
3.915008496702228058e+01
3.754931427529243848e+01
3.580574102987088025e+01
3.563324029431651496e+01
3.701189033532110528e+01
3.565589138585237095e+01
3.587336311895312946e+01
3.729680791964885600e+01
3.571803254260782978e+01
3.723335648441670287e+01
3.901381470823614706e+01
3.543348193756443010e+01
3.572618621989877852e+01
3.530858008544661431e+01
3.577323639759647023e+01
3.907846630957379830e+01
3.751823694592305714e+01
3.570747890005394254e+01
3.566768527111509712e+01
3.583435826793498791e+01
3.578995548583448993e+01
3.551288063664647865e+01
3.688591156746593214e+01
3.665515988816065374e+01
3.646848603406190392e+01
3.839914738993834220e+01
2.032396676364171810e+02
2.136068952572991861e+02
2.122119850227011568e+02
3.473668290912584666e+01
2.058813376436961846e+02
2.102330613447287817e+02
2.115876314922359427e+02
1.988288128980940712e+02
1.440144152937427293e+02
7.015405131736936539e+01
1.233747791646899685e+02
9.334378664665270264e+01
1.392026811993309536e+02
1.335731162941110313e+02
8.854667966956368730e+01
8.804072609081734413e+01
9.426903738580330128e+01
8.793231933701957814e+01
1.302414295137095053e+02
1.135071253972182888e+02
1.261785696549770392e+02
8.506577737251424765e+01
8.117727070967814029e+01
7.487645405265679699e+01
6.373831355473945592e+01
7.737023153449219137e+01
8.631228692186586215e+01
6.089859593583744157e+01
5.545914165607356239e+01
5.396531109231059986e+01
4.459862491096176029e+01
6.347978141016643150e+01
5.624715600873393839e+01
9.057975667758138627e+01
8.196571031089017367e+01
8.641737354058585652e+01
8.470499940624155499e+01
8.327756816500320269e+01
8.515000793218010244e+01
8.720131456257011848e+01
8.504744388612432715e+01
8.664832435857663029e+01
1.317015312535644682e+02
1.229146208314572419e+02
1.347155519715743708e+02
9.888492354789346450e+01
1.069639569979616027e+02
1.023127428239114920e+02
1.349408773478335490e+02
1.089110628149753381e+02
1.104862491569520273e+02
1.089493242664534307e+02
1.017482021474243226e+02
1.060800295561523257e+02
9.714628700486706236e+01
1.037455295286067098e+02
1.011875854924858942e+02
1.012560339903132416e+02
1.095583684006092113e+02
1.012316466388269731e+02
9.773012770343136424e+01
1.025188356249268367e+02
9.990784807255597855e+01
9.903797005391272990e+01
9.841188752954333552e+01
1.008902170748468734e+02
1.073726584498226799e+02
9.748265284728535107e+01
9.769694375490045957e+01
9.639708442343862771e+01
8.886885579278126102e+01
8.706635763711047105e+01
8.568718509449414000e+01
8.416091053918501075e+01
8.171253153731235841e+01
8.069813202006089625e+01
7.554918884240512966e+01
7.554274385791352131e+01
7.666093885305291167e+01
7.460430343589115409e+01
7.578010522345348932e+01
8.023993450166355501e+01
2.051671917975271526e+02
1.976476383779554169e+02
1.993916535782352071e+02
6.842695655920188358e+01
6.724061757599503153e+01
6.727427247845473346e+01
6.732305483543403568e+01
1.288964968192442768e+02
2.123973554001465516e+02
2.347370386829241795e+02
2.592682078214538137e+02
7.493531164492077323e+01
9.351400331897040985e+01
6.985472809564481622e+01
6.672917176401820427e+01
1.181555543110899720e+02
9.167626162774702436e+01
7.939053207865040918e+01
7.568996314200148845e+01
7.281418807076397570e+01
7.604769272601528485e+01
7.067123067273188042e+01
6.670405397158721428e+01
6.459079729977985096e+01
1.117011838325968256e+02
5.789469133725657457e+01
5.826795595611526579e+01
1.109643441289528880e+02
5.426292177830507057e+01
5.072186710832392720e+01
4.953879786624758452e+01
5.224474965455915765e+01
4.999948406490113939e+01
5.037380573993942079e+01
4.745531691243671446e+01
7.061922391705523694e+01
6.816971172684438329e+01
6.632403024018927340e+01
6.889548611222112129e+01
6.912575611540164289e+01
6.905519371220370317e+01
7.043158682817775684e+01
7.149144778226062158e+01
6.827987646297434310e+01
6.685298077145638729e+01
6.690652644291192530e+01
6.759864259043366985e+01
6.796020253836981340e+01
7.108125275830215628e+01
6.758256504068928905e+01
7.166150969791290493e+01
6.854770493201412762e+01
6.927874091379592869e+01
6.902893214651348330e+01
7.056137371160808414e+01
7.121481605280710880e+01
7.129163184208641724e+01
7.245082744453434032e+01
7.060297097716183146e+01
7.190611177600106885e+01
7.101975295168945479e+01
7.194534985359783263e+01
6.940105597100811963e+01
7.210657126304138842e+01
7.213739079882404326e+01
7.177554018904739053e+01
7.061784979874703083e+01
7.230400476030818879e+01
7.212152741098120146e+01
7.316570758008782605e+01
7.115826792901019360e+01
7.494138316094858965e+01
7.299623297818344270e+01
7.230137882936556082e+01
7.287415575824377356e+01
7.330340696265096767e+01
7.197474738094732061e+01
7.347030368756561813e+01
7.324246065257499083e+01
7.296579336260225546e+01
7.472114060930293533e+01
7.371958078649976187e+01
7.494263487277731883e+01
7.337033300623036780e+01
7.325274118807095647e+01
7.416519154554350735e+01
7.307171497495812673e+01
7.387609449692463670e+01
7.546716575050334086e+01
7.593928514738517777e+01
7.580611236916632834e+01
7.516987992357312010e+01
7.616468530929705594e+01
7.594360635518755487e+01
7.528042434241113767e+01
7.776881020627669727e+01
7.722411274001541415e+01
7.737206847020010514e+01
7.770276107946894228e+01
7.708255031976217708e+01
7.759875345401043489e+01
7.815002443298597257e+01
7.783997708248998038e+01
7.988307614113162458e+01
7.985589864300114016e+01
7.987031930685346026e+01
8.091672097453007950e+01
8.186594039169669657e+01
8.154531236895724078e+01
7.999368550489066365e+01
8.023776685476539683e+01
8.107335326541800669e+01
8.258523666934590324e+01
8.148693395840680864e+01
8.185252545143730174e+01
7.994894839360694050e+01
7.877753366020638737e+01
8.007470474547200467e+01
8.069510378437607301e+01
8.160935689154055694e+01
8.145599920234121782e+01
8.119372801009738794e+01
8.035837504534448783e+01
8.163456466061784056e+01
8.171017605417010543e+01
8.267289928087006956e+01
8.227609836649617137e+01
8.239310030388770656e+01
8.266878330239258332e+01
8.291740210121722043e+01
8.418250473718286742e+01
8.426340338790939199e+01
8.319769401170600531e+01
8.585506041901886931e+01
8.856666910740575815e+01
8.612336147813346088e+01
8.458444869016602752e+01
8.594059112758401398e+01
8.836283276041163504e+01
9.011179645992740461e+01
9.043840909856702126e+01
9.010689018417602369e+01
9.102728859830280328e+01
8.936913762892962154e+01
9.620544783311615333e+01
9.392346592673864336e+01
9.269916763866943654e+01
9.064262885007184423e+01
9.176271746452894718e+01
8.831555053069506300e+01
8.899877347543977635e+01
9.208581686755108819e+01
8.436071970044950774e+01
8.803932286810884023e+01
9.018542833217118471e+01
9.243414663057313874e+01
9.550275269401001310e+01
1.055093694387326480e+02
9.705482733387846395e+01
1.048906628723396466e+02
1.065376728642720821e+02
7.221884120664277873e+01
7.632383791611941604e+01
7.106014468851599020e+01
7.110598012657443689e+01
7.246393522825690070e+01
7.013943110072953857e+01
7.222732426342699341e+01
6.944870516463463161e+01
6.750204189589820203e+01
6.422652753029758799e+01
6.575546366627132500e+01
6.762139296674651234e+01
7.244881024249406209e+01
7.202991351368228834e+01
7.053524938815488099e+01
6.921147572929787373e+01
6.688369988877937544e+01
6.912895043251420191e+01
6.899927088306863254e+01
6.944108311932163247e+01
6.580857623308205007e+01
6.736236242467927582e+01
6.463879209628127853e+01
7.175147888891328307e+01
6.642859920832725606e+01
7.035290603772152451e+01
6.943999143449912026e+01
7.049228471532339313e+01
6.909428363798565442e+01
7.042703432299285282e+01
7.036960811535368521e+01
6.450705905234593729e+01
6.734321215772696689e+01
6.254141861771486077e+01
6.325679127638622390e+01
7.353050395453686860e+01
6.236449708260416003e+01
7.156938510895002992e+01
6.897108037326172791e+01
6.315726232620869496e+01
6.450610909843659613e+01
6.788722009035635097e+01
6.665497960618938578e+01
6.714625646083896982e+01
6.094271676854607023e+01
1.435466200759497610e+02
7.349632021097603740e+01
1.110459832821353672e+02
9.511871101291113462e+01
9.174696674836293653e+01
8.670071199409190399e+01
8.454485530359914947e+01
8.188942381823403593e+01
7.938152858166127146e+01
8.170810944122743535e+01
7.765852208383120114e+01
7.639842303354718922e+01
7.648251000513099029e+01
7.660569165753679499e+01
7.559847258220403887e+01
7.871789391477709330e+01
7.934505454561183058e+01
8.609633704246415675e+01
8.725549392314799491e+01
8.878779695856063370e+01
1.006912391512150577e+02
1.167920670025951893e+02
1.307764438350583873e+02
1.666269207962905625e+02
7.813490308580560395e+02
9.707985490442445098e+01
9.281870452475396860e+01
8.850196699680412848e+01
9.584097725663366418e+01
9.393994034119276648e+01
8.821826984503222491e+01
8.995244409050022227e+01
9.851338539718844345e+01
1.009255397064792419e+02
9.442362691121802243e+01
9.331803656952175174e+01
1.000938344366693684e+02
9.814270524988343425e+01
1.024667648896507615e+02
1.029070847813268301e+02
9.744454958157817259e+01
1.002717461424465029e+02
1.016385581065115105e+02
9.956345917646630994e+01
1.062855879010926401e+02
1.045169437709355265e+02
1.090712611666640015e+02
1.139102849558443609e+02
1.199142628410343718e+02
1.224688011052787147e+02
1.219386958928295144e+02
1.100477687422974782e+02
1.237027926438523195e+02
1.394679185147510623e+02
1.239812707254841797e+02
1.123345344313312637e+02
1.200425675118589055e+02
1.279317359451820124e+02
1.530695102510018444e+02
1.213105817644687363e+02
1.208759361451325560e+02
1.214411945094577874e+02
1.476393603991619443e+02
1.521267549725636457e+02
1.373832344625376720e+02
1.288751709170740298e+02
1.556631139813254947e+02
1.433287683925329929e+02
1.531855212146210192e+02
1.482352359638839516e+02
1.576134141870428493e+02
1.385569117332807707e+02
1.605268569232311791e+02
1.452544595436776262e+02
1.504416723524489896e+02
1.575362931278608016e+02
1.497491733659849444e+02
1.661093404069754911e+02
1.599177898199155834e+02
1.564188108990341561e+02
1.626199058717528203e+02
1.586525718902790629e+02
1.456024023844948942e+02
1.427867907093667554e+02
1.483012785069856818e+02
1.525255680115299697e+02
1.587458131304915696e+02
1.478008817030494981e+02
1.582510804779199134e+02
1.473665030827183955e+02
1.777004826858579065e+02
1.874238693621311711e+02
1.868175257848225215e+02
1.332019686417154958e+02
1.170175652845508978e+02
2.064765671056920269e+02
1.158495756309481521e+02
2.003480960452309318e+02
2.631724932217227888e+02
2.681062587316780537e+02
2.544222106098559095e+02
2.613216133591282642e+02
2.661249082186477040e+02
2.457295998492550098e+02
2.396294112810552122e+02
2.454294030648823366e+02
2.460153028347440625e+02
2.473019376292646143e+02
2.434181536253382205e+02
2.423183288093089516e+02
2.403222354767983404e+02
2.345926688158981506e+02
2.300691173877957283e+02
2.453318068069533524e+02
2.529022054211759496e+02
2.366500133164301758e+02
2.532441008130486750e+02
2.257105523277874966e+02
1.199171076685735642e+02
2.193885447983141148e+02
1.231892866498798469e+02
1.319789182836188672e+02
1.363749084672629692e+02
1.320261860398369151e+02
1.245312023745893129e+02
2.122191750240702675e+02
2.142808488711298480e+02
2.232189104257480494e+02
2.169100038163805664e+02
2.150139789592822694e+02
2.216466746376853791e+02
2.530532880147776496e+02
2.441702247548204525e+02
2.089572385719428667e+02
2.628109195872821147e+02
2.327373092037718152e+02
3.569298859517272717e+02
1.309698998207360603e+02
3.119815834960687653e+02
3.276429666468426944e+02
3.338880087795797635e+02
1.387892686136746647e+02
1.455750129214291633e+02
1.452455336511194446e+02
1.193260551250913863e+02
1.171357124349106300e+02
1.190454259568919042e+02
1.124745568847285142e+02
1.179913626570836982e+02
1.176271117254401872e+02
1.168851410513840392e+02
1.184213595613996546e+02
1.151184339893692936e+02
1.176002053304706862e+02
1.188413905735236682e+02
1.172274064485505960e+02
1.191432353516052984e+02
1.166772946602161767e+02
1.216430246946778198e+02
1.196765033883984302e+02
1.209022534149964656e+02
1.216165470093713736e+02
1.219925997270902513e+02
1.195160228358631969e+02
1.204825646029666615e+02
1.212901966105114724e+02
1.223391179308625425e+02
1.185314294586441122e+02
1.223302578147431916e+02
1.255480915237250628e+02
1.877403238219401089e+02
1.754813749147512851e+02
1.947500731467306423e+02
1.906057454700025744e+02
1.798487558754945042e+02
1.425491073065999501e+02
1.725337334343909674e+02
1.951578048610269889e+02
3.228455385664426558e+02
1.278940851871129354e+02
1.251151333601096667e+02
1.212188951782795527e+02
1.265291537015116035e+02
1.240020878108821307e+02
1.160941802187879546e+02
1.143262341989969002e+02
1.095496264140682428e+02
1.080946835525937075e+02
1.074477683000865511e+02
1.070460569391783565e+02
1.059193640613127485e+02
1.048558533524662977e+02
1.031402854132209086e+02
1.021888065500661327e+02
1.042130351079128303e+02
1.034948509403843815e+02
1.006704167876264080e+02
1.019554221141854384e+02
1.002954344472552606e+02
1.014561823118386883e+02
1.021040721478642723e+02
1.018367489249198172e+02
9.932798862930502537e+01
9.868083949396259413e+01
9.848366666066087305e+01
9.903871836720549027e+01
9.887338896010712119e+01
9.988870496868045734e+01
1.007190925892494278e+02
1.030941580662083652e+02
1.030638170855706903e+02
1.074537181721049564e+02
1.045222858957047691e+02
1.056310312294649805e+02
1.071351192351438186e+02
1.069089719328432011e+02
1.100948186915985048e+02
1.108845127703097972e+02
1.119734713342367627e+02
1.140511540395652901e+02
1.160323754811154799e+02
1.207113823875067595e+02
1.250010625502032298e+02
1.294634240579415518e+02
