2.957659888264022641e+01
2.786252424124711524e+01
2.844239919367966607e+01
2.825591317755936416e+01
2.847454430687469440e+01
2.825491995504059162e+01
2.806602495886505366e+01
2.888745293077445808e+01
2.210386029884290693e+01
1.878266331262176436e+01
2.316085631086828300e+01
1.539314898989795211e+01
1.412003090747493594e+01
1.171260636228947938e+01
9.850000236334558679e+00
8.057548637610379316e+00
6.612152897645231064e+00
6.060417055166702482e+00
5.460022714825716328e+00
5.113652474497250466e+00
4.982286981109282031e+00
4.692305233459371117e+00
4.445245024603980077e+00
3.938495493432585537e+00
3.712565069973837950e+00
3.923807908743634609e+00
3.545063034869619045e+00
5.089592036878861414e+00
6.054656467637258288e+00
6.614800928195815111e+00
8.847704237490505719e+00
2.800316439174804728e+01
6.563889867137918088e+01
4.941934826840443407e+01
2.868770744260424976e+01
2.785363932260234421e+01
2.882639628108308827e+01
3.786987240711465574e+01
3.720698765293091270e+01
3.944726892889828918e+01
9.159511783843701949e+01
6.626609901656355817e+01
8.697960154928635745e+01
9.344158206692840452e+01
1.603409200104025558e+02
1.397859538712965275e+02
1.278028307550492144e+02
1.257729920044459249e+02
1.347498135063686107e+02
1.469226381933752634e+02
1.538499739535750166e+02
1.361878805717724390e+02
1.786812443550238925e+02
1.791297323405949555e+02
1.380268642557292935e+02
2.481592058170506334e+02
2.154093175340086361e+02
1.990456882657407789e+02
2.096155714551981362e+02
2.174576082230388181e+02
1.935748347799994065e+02
2.883818917474873160e+02
2.677446592582871858e+02
3.895700453432197605e+02
1.883868830565039616e+02
2.313290765434056482e+02
1.921751048105372774e+02
2.468679156992984645e+02
1.944059068906312859e+02
1.857549599095671908e+02
1.936518070957505415e+02
3.154054039863224830e+02
2.596263148516572983e+02
1.990447408304613646e+02
1.529977712078172090e+02
2.133646312153356348e+02
2.355300762054989718e+02
2.684090446830076075e+02
2.269133478112877356e+02
1.384884908670541677e+02
3.428449876835909436e+02
2.871565966975697961e+02
2.467011057951200144e+02
1.881070310653724107e+02
1.791445949250544629e+02
1.626968882807525176e+02
1.842705507719791456e+02
1.780920467209649587e+02
1.784317176477671012e+02
1.767911341259349740e+02
1.833253970958561183e+02
1.054116481606640718e+02
1.842238468572175805e+02
1.883694631038952991e+02
1.852691004242609836e+02
1.727629046566858051e+02
3.176560568556740236e+02
3.603012878010612781e+02
3.120187208299007011e+02
3.408183488771962857e+02
3.566184759152579886e+02
3.519219304856043777e+02
3.090775607288172182e+02
3.144404256314303439e+02
2.869662894080214528e+02
2.636891891731955866e+02
2.677730882156898247e+02
3.249049047357609652e+02
3.587561864092838277e+02
3.774871015917037766e+02
2.268931166215145652e+02
1.994436382365216502e+02
1.750786024622696857e+02
1.841116632768385273e+02
1.804454692462223591e+02
1.840713834487461042e+02
1.625753766569734466e+02
1.663945829883706438e+02
1.350961723486198309e+02
1.934473373944251762e+02
1.663192072172635960e+02
1.210936400632945720e+02
1.277517302776988544e+02
2.022718902738668021e+02
2.164928836264903111e+02
2.323902057763226878e+02
1.921990500605291743e+02
1.430167122976626217e+02
1.816179219176403876e+02
2.063935084348614453e+02
1.618377688653834241e+02
1.857224335899639698e+02
1.659224220793172435e+02
9.507878275711311744e+01
1.945147479093679692e+02
1.669466022379488379e+02
2.113654159206879797e+02
2.128230662636667603e+02
1.746928297569766926e+02
2.561547721378669848e+02
2.258703568595233264e+02
1.840217760907809463e+02
2.623817060407617987e+02
1.819676016968329861e+02
2.032401238516594333e+02
2.077470532459869048e+02
2.345032576433606266e+02
2.028469646752794233e+02
1.216594340945920720e+02
1.323348250256154586e+02
1.697991991151427555e+02
1.165405194677050105e+02
1.356539634954005180e+02
1.004377996347872823e+02
8.765048904668712737e+01
9.960936004190388360e+01
9.166287091116258523e+01
1.158401084023614800e+02
1.190928409210507226e+02
1.148426739186400027e+02
1.132108020685300716e+02
1.138842583381314881e+02
1.176142673965817380e+02
1.121648977283379764e+02
1.594314950656373924e+02
1.358852913171554633e+02
1.764938759315328980e+02
1.178331956798836586e+02
1.262441949162078032e+02
1.365329772250003373e+02
1.253656170449114029e+02
1.278397410548412978e+02
1.266650819455358601e+02
1.530691124670209717e+02
1.389614647122867837e+02
1.786298704453806465e+02
3.067616740854891759e+02
1.735056347684590889e+02
1.671271201171857967e+02
1.643767432657618599e+02
1.518599158153591304e+02
1.529572425932904594e+02
1.491897506650109619e+02
2.152154544475644968e+02
2.426210892318745209e+02
2.644213084247852521e+02
2.648320187696520520e+02
2.604387893658014832e+02
2.524691922795633729e+02
2.155135348277164837e+02
2.077525775638442838e+02
2.087233288213295452e+02
2.006438183107831037e+02
2.079284287390774182e+02
2.205527255773970694e+02
1.974661579745352640e+02
2.053194956942661520e+02
2.161495608184460764e+02
2.255120846043129177e+02
2.255975327314187098e+02
1.995292468624852518e+02
1.914566243685036397e+02
1.872427875856531898e+02
2.031589965682448167e+02
1.763850718937512738e+02
1.766123480898765763e+02
1.729048465180244705e+02
1.559250594859026080e+02
1.759980496742095966e+02
1.712134677161618868e+02
1.597775017383742977e+02
1.600701146705062854e+02
1.573757726068594138e+02
1.552851821694712839e+02
1.563578462665243194e+02
1.543752633241600734e+02
1.569095885744780787e+02
1.603083537869975714e+02
1.597958622779429447e+02
1.764932820840261911e+02
1.594035262049066830e+02
1.527415452571137564e+02
1.492020801646486632e+02
1.436484126044217930e+02
1.497347865974514605e+02
1.491803218164732812e+02
1.327434247523137572e+02
1.335461771882268920e+02
1.304673630774173887e+02
1.317839916566616409e+02
1.246952899345135535e+02
1.270088028621149192e+02
1.314076117821389289e+02
1.277079026595889815e+02
1.250763524493939371e+02
1.273850986954170139e+02
1.288894034406071398e+02
1.293705848162303766e+02
3.087523736232109854e+02
1.467758107339676599e+02
1.490389024372489359e+02
1.519734774989596247e+02
1.598901280420784303e+02
1.651749185116032095e+02
1.834325905433158823e+02
1.693224444237476121e+02
1.591702850831461831e+02
1.634188326076768476e+02
1.572469868463821854e+02
1.671898921970173149e+02
1.623064598158289584e+02
1.450009863400661629e+02
1.510301589753635483e+02
1.500078068967501110e+02
1.481531199978757343e+02
1.795090486038745610e+02
1.859348560623320736e+02
1.499305787831462453e+02
1.551740527298648260e+02
1.487077460316212978e+02
1.394209462744887844e+02
1.593294235243598109e+02
1.467410930189076623e+02
1.412563089154819238e+02
1.381519823553981325e+02
1.476487741387630024e+02
1.472493668798921362e+02
1.761663868552421945e+02
1.898062443671996959e+02
1.969588650206510749e+02
1.704966848405057931e+02
1.046399437101395762e+02
1.670127389015971744e+02
1.641256595886045773e+02
9.843907367058726265e+01
1.694439720067861117e+02
1.638545750588773160e+02
1.550825231262606678e+02
1.477047491092627922e+02
1.641015692378909989e+02
1.539372455314325236e+02
1.453275140549441460e+02
1.876422860757666058e+02
1.530142964267954540e+02
1.498125927221022096e+02
1.490602890069799003e+02
1.436928614780147484e+02
1.444125147825856175e+02
1.454747618522855248e+02
1.486559571561522262e+02
1.488939156091411462e+02
1.523454863005401023e+02
2.044585840178415026e+02
1.444675416661772545e+02
1.556563762202916621e+02
1.426763117329199417e+02
1.548214538379199610e+02
1.436095966819692933e+02
1.365972047950088779e+02
1.340537277503122482e+02
1.353282559494566328e+02
1.320757737594399259e+02
1.361705886111418806e+02
1.374479167581616537e+02
1.325515843847828990e+02
1.271524015247198349e+02
1.431232413704549060e+02
1.428371759128960434e+02
1.452363729093606253e+02
2.319417544006200842e+02
4.407924072331049388e+02
2.071754160348417315e+02
1.810149155761301927e+02
1.597312211715459682e+02
1.822107896164859255e+02
1.878360007874759674e+02
2.293128400878822504e+02
1.864444053954681522e+02
1.879280544691791590e+02
2.137566109154652167e+02
1.770526170706726816e+02
2.136869173046836465e+02
2.066672919154746921e+02
2.188579359094546533e+02
2.266851434909159195e+02
2.205085073484252405e+02
2.254863368914066939e+02
2.340114966666038470e+02
2.178539308183630681e+02
2.317659146058494741e+02
2.226439516713751345e+02
2.270383138889852432e+02
2.248476317972423431e+02
2.265775787863580319e+02
1.823590840093563372e+02
2.298067156906863602e+02
1.791214143420515086e+02
2.304675017302409969e+02
2.243986994140858542e+02
1.968756443394024416e+02
1.968015350326632813e+02
1.794213977193841174e+02
1.769303716971277538e+02
2.748600832264355631e+02
3.813254162309131061e+02
2.267893387930609208e+02
1.374821412389759132e+02
1.686225768308381419e+02
1.865513409853551821e+02
2.343351881372704781e+02
1.257286398588256446e+02
2.079637646053754167e+02
2.353348038843880659e+02
2.362045924539440591e+02
2.197454491451142928e+02
2.007251800916457398e+02
1.332308021704581904e+02
1.479731283582525236e+02
1.512055868899245752e+02
2.697376215385001501e+02
1.091336130667544921e+02
1.453643772408776442e+02
1.035241002995820168e+02
1.607510992381032224e+02
1.625227488671419280e+02
1.379658930361327975e+02
2.618656234819350175e+02
2.654792396222426873e+02
2.547845172339164890e+02
2.836117930091043604e+02
2.505394692608019795e+02
2.422914352184899656e+02
2.671163698181167661e+02
2.352196371949873139e+02
2.489280172945021548e+02
2.405810572961019034e+02
2.472074499484783416e+02
2.394496980449870591e+02
2.415982897077190046e+02
2.380031960812396790e+02
1.698900364465148698e+02
3.025067977334951479e+02
2.782879886127425948e+02
2.606078423639601738e+02
1.363308380444801458e+02
1.060730780887255378e+02
1.154122953691878024e+02
9.455907916379970857e+01
9.142829110613983801e+01
9.476202199384387370e+01
9.463533847216217509e+01
9.339463960529691633e+01
9.736708560724032679e+01
1.054641411225079111e+02
1.061246681673336525e+02
1.036907883467785751e+02
1.059977479563786034e+02
1.076190085566520764e+02
1.080549800277667174e+02
1.120816785600219418e+02
1.104629990092289091e+02
1.112486343289071300e+02
1.145551019527927821e+02
1.161701737534516070e+02
1.265409816793737718e+02
1.307809172320513937e+02
1.196207304882386353e+02
1.566412027741197051e+02
1.708421589602455697e+02
1.271751992233601101e+02
1.293444075468198946e+02
1.252040122349626472e+02
1.281230297206382431e+02
1.322097834634800506e+02
1.308039556149800262e+02
1.309496656326310813e+02
8.904288367823740202e+01
8.936761409534518918e+01
9.023505985199464874e+01
8.775449070697870013e+01
8.422798844089578552e+01
9.005478808404154734e+01
9.044570670514798394e+01
8.596430246856880331e+01
9.091223717994425613e+01
8.507837936416557056e+01
8.262223142974796986e+01
8.979456972446304519e+01
8.743867242813978180e+01
8.708051563919639193e+01
8.366122426558872860e+01
7.914227350392145865e+01
7.280469642282577070e+01
8.199465522285458974e+01
7.753637129378755333e+01
7.848368544903946997e+01
6.400692834256271624e+01
7.712496907114876876e+01
7.956176760710863505e+01
9.797063864840743008e+01
1.008005553651436372e+02
1.272991002985666427e+02
8.006772927737718248e+01
4.620276895762011122e+02
1.878928132731704181e+02
1.714659205431859448e+02
1.689446917880304966e+02
1.711324940639461829e+02
1.663291297665247157e+02
1.616415746221393590e+02
1.731852260637804477e+02
1.484004345792054096e+02
1.434212780345023077e+02
1.465763648052140695e+02
1.453996769474514110e+02
1.437685844960214467e+02
1.452289571378961170e+02
1.474176857554172955e+02
1.304293302443335563e+02
2.214656844850917423e+02
2.477151003102534617e+02
2.599305382289079489e+02
2.777844798479590622e+02
3.004968905026351536e+02
2.811125686808476871e+02
2.661418684320945545e+02
2.504388917585458785e+02
2.384550860195274993e+02
1.508142474869916612e+02
1.273691221657675356e+02
1.790522193656781837e+02
1.532941601720278584e+02
1.526329658086810070e+02
1.207673664851505464e+02
1.722963409663193204e+02
1.247783177105516614e+02
1.232591513753024941e+02
1.335209687689793157e+02
1.877586323191616486e+02
1.203814954543177436e+02
2.201005383647876386e+02
1.922214396992001184e+02
2.898009763928774305e+02
2.513091349315152740e+02
1.747051507215157926e+02
1.144046858068321484e+02
8.667833802566377699e+01
8.650612715542307285e+01
1.405627223552128271e+02
1.439656487747884057e+02
1.574780183066734196e+02
1.030764262238385527e+02
1.621687979821535635e+02
2.177076218593139174e+02
2.433743929836309690e+02
2.269100232971160551e+02
2.219981629282509346e+02
1.192873239884837062e+02
1.210850580745001963e+02
1.126917843924533145e+02
1.766839807807154159e+02
4.231723160749473323e+02
1.472952109794425724e+02
2.058672151943973461e+02
4.072127085417716330e+02
4.781468036806637087e+02
2.269149153689733396e+02
3.010974246542967876e+02
3.118537362857602488e+02
2.506477124995671204e+02
2.438577673509867054e+02
1.724648580910690896e+02
1.804534890714572555e+02
1.610943453676520960e+02
2.133150212944337625e+02
3.274787699067686049e+02
1.824565015137000046e+02
1.924129216823664308e+02
2.024236814713178774e+02
1.786336279566643270e+02
2.307767218780594760e+02
3.262216151021371502e+02
2.250401555229324231e+02
3.011484131834318987e+02
2.101377241600202694e+02
9.302006790289523508e+01
9.122064399907146992e+01
8.645929087658163326e+01
1.350928929897221167e+02
7.269253808831778940e+01
8.672976749933643248e+01
1.844178838612117772e+02
1.895686818140253820e+02
2.515913153885179554e+02
1.780829615842709757e+02
2.889465229435857054e+02
1.525560396753599264e+02
1.651894381294059997e+02
2.053663604538993184e+02
1.278126851175647403e+02
1.494620204980928122e+02
9.936885830404189335e+01
1.273067436994887913e+02
8.384200603663262541e+01
1.002601249167894508e+02
9.873128220782227515e+01
1.822408898746710975e+02
2.377771543799605354e+02
1.310346758527136046e+02
1.747902007198307786e+02
1.137996026627567971e+02
1.322810208450353571e+02
2.996359069047675234e+02
1.711262649723735478e+02
1.376456146408030179e+02
2.614599533441650578e+02
1.115658469158250199e+02
2.945024744486962049e+02
1.016090440829218693e+02
2.249646925606103025e+02
1.794352530740434588e+02
8.071899909172353205e+01
1.619886558044578635e+02
1.375281226501043363e+02
1.404692619694023392e+02
1.476961290383238463e+02
6.200384501207866350e+01
5.938716838548315735e+01
5.120723493726755038e+01
1.678009577249079882e+02
2.032288766262969659e+02
1.584197668399418149e+02
1.629122171039149123e+02
1.583347347072068487e+02
2.024090207014531586e+02
1.899172091309758059e+02
5.114445504926576547e+01
1.060726076697537792e+02
1.283572892362883238e+02
1.939642935817816749e+02
2.538206482231425127e+02
3.273378060896213242e+02
3.559971557370613482e+02
3.200365160085386265e+02
2.971721426153144989e+02
2.620823569007513356e+02
1.618267939604883168e+02
3.137828289375074675e+01
3.169227814830762568e+01
1.312103417639650900e+02
3.022609780642029875e+01
2.929188254004560221e+01
2.783380034438242134e+01
2.676799169513043708e+01
4.197964324212195919e+01
2.495833891615300715e+01
2.593956965626643196e+01
4.229958601224297610e+01
2.438975990417875650e+01
2.385640182009245436e+01
2.302388282098054617e+01
2.423426195715689246e+01
2.312847555278228739e+01
2.288114309112442868e+01
2.122516395042747206e+01
2.964468017960783541e+01
2.816633935960060242e+01
2.878870498737108719e+01
2.822669922544266186e+01
2.754738281140167899e+01
3.673065107590592504e+01
2.837064894099836110e+01
1.249747152299562316e+02
2.771621279372510216e+01
1.252256877000598223e+02
1.236165274303344859e+02
3.052849992812709345e+01
1.215637262050558434e+02
1.236681738601366902e+02
1.220276232216776862e+02
1.102504284636285661e+02
1.265482455623272102e+02
1.229731079292701139e+02
1.252278672866583520e+02
1.238039438050817438e+02
1.210339262336259054e+02
1.221522986254787639e+02
1.293055769881300137e+02
1.146118074868628156e+02
1.308627077262862883e+02
1.144647017267985944e+02
1.398387963932091509e+02
1.154353297733760684e+02
1.238315344987198756e+02
1.374850634090040842e+02
1.127109172816350195e+02
1.057334354731262778e+02
1.218456609057523252e+02
1.135171863387249829e+02
1.564382766812381078e+02
1.127254403050610136e+02
1.427539945932458068e+02
1.130495626108071292e+02
1.105908472942136882e+02
1.272343130656273473e+02
1.054731742119495692e+02
1.202919903341155390e+02
9.924449657438854899e+01
1.031121728163951587e+02
1.100073726457161598e+02
1.080480231186841564e+02
1.465018573478338340e+02
1.078393031373672812e+02
1.089256981459885054e+02
1.055721201202287602e+02
1.115491160807412143e+02
1.250505306667822225e+02
1.139892717551960999e+02
1.077490795972226323e+02
1.038585366827778671e+02
1.034549119846207788e+02
1.049878325781751869e+02
1.206360556530174364e+02
1.333187559222905065e+02
1.068318235825517490e+02
1.110434253802176130e+02
1.218430840553779859e+02
1.011392942752083712e+02
1.168755671840805661e+02
1.122927160702182761e+02
1.209811045013405533e+02
1.095048526653857124e+02
1.298533841917200391e+02
1.242258820702565885e+02
1.088786038371104468e+02
1.375027811240633753e+02
1.280811333250247799e+02
1.375949616786694776e+02
1.407665060456705532e+02
1.356976683368082774e+02
1.215485882090229524e+02
1.396431388391077064e+02
1.397495856044367599e+02
1.408641732430612308e+02
1.371604018154746143e+02
1.418558314469938750e+02
1.388872264949152111e+02
1.249574047291877577e+02
1.716978850989076193e+02
1.328548390778975374e+02
1.199389203332342078e+02
1.384942662184083986e+02
1.442574365354048211e+02
1.377844989737833430e+02
1.297035007591113072e+02
1.287062777055907645e+02
1.179107388766116316e+02
1.530390084447132892e+02
1.473356610240294060e+02
1.272530556459776108e+02
1.521778914565640832e+02
1.576386259134104932e+02
1.544656776437593066e+02
1.578599996737169988e+02
1.543685893547621788e+02
1.615243802205413601e+02
3.566181630222406511e+02
1.589932460370190199e+02
1.675241796955800453e+02
1.430257032154118519e+02
1.680376290266238755e+02
1.854078048491232096e+02
1.459650781388775158e+02
1.614420831803194289e+02
1.531897422617584823e+02
3.663536487423521066e+02
1.517681833896783701e+02
1.516692342245416683e+02
1.488497537501297359e+02
1.612011728774085952e+02
1.502714309270835997e+02
1.842328234851420632e+02
1.654937611796694625e+02
1.741638157194862799e+02
2.206101151095749344e+02
3.044600438579898309e+02
2.082546082489333514e+02
2.399371233195540754e+02
2.115507391434094586e+02
2.697519320060717405e+02
2.402667809854941936e+02
2.190889435987512570e+02
2.107373634350373095e+02
2.391249845072974267e+02
2.516025230769957943e+02
4.468693560814775196e+02
2.551028806647176737e+02
2.131085339014329350e+02
2.071828831142198908e+02
4.320734331345892656e+02
4.369664699645556425e+02
4.419093259539488940e+02
4.407881307878210464e+02
4.410375516634876476e+02
1.178417717461404806e+02
1.176901072334654401e+02
9.101176743381343215e+01
8.973891394523802489e+01
9.462550463428196679e+01
1.208168121768945440e+02
1.505564485267894668e+02
1.690889252585157578e+02
1.193714698658421725e+02
1.140660989128530076e+02
9.987219375286768752e+01
9.927025628604094720e+01
1.085410444264497727e+02
1.115681800136178907e+02
1.163808413821107024e+02
1.090463770758663742e+02
1.145833700291120607e+02
1.260574213550634113e+02
1.105117502917216257e+02
1.083534349867139781e+02
9.969490897702307564e+01
1.021331262359832266e+02
1.179342073836944706e+02
2.646571945168158209e+02
1.285869584479265484e+02
1.103063540790507915e+02
1.231269236440460162e+02
1.151104651881755245e+02
1.077608161002905689e+02
1.136897276998799242e+02
1.097454349638103963e+02
1.235672785272438006e+02
1.486570668238803705e+02
1.252284413849252616e+02
1.429055096426237981e+02
1.638636676379055928e+02
1.806061066914165565e+02
9.111605400388604892e+01
1.774530375704236747e+02
1.871013735659713859e+02
1.810133350727318486e+02
1.838632101638271479e+02
1.077277823380903357e+02
1.053544256628097600e+02
1.379804940180341930e+02
1.375612189151140683e+02
1.017562253020453369e+02
1.025599732239128912e+02
1.051571233250932522e+02
1.435728984600976901e+02
1.053219445392928861e+02
1.079696953056517970e+02
1.089478870469560405e+02
1.166557339490794760e+02
1.215098573110352049e+02
1.375381488397665350e+02
3.807796531602396612e+02
1.086158830683352221e+02
1.069300183483847491e+02
1.027121597425139043e+02
1.679915565812561624e+02
1.708004300028397040e+02
5.343520946346893652e+02
2.070865063739810523e+02
2.557679606007190785e+02
2.765438476221774522e+02
2.038957096792545371e+02
2.239053999037556366e+02
1.755847116909982049e+02
3.282838344617891266e+02
2.228261762237107462e+02
2.527305923725366767e+02
4.487699067384604064e+02
4.615645571693535771e+02
2.459921058295887235e+02
1.355334916783369863e+02
1.344067467680311836e+02
2.034483286565117623e+02
1.342012443736223588e+02
1.847212250615182541e+02
1.527496251219112651e+02
1.703334554289504013e+02
1.425015932189423893e+02
1.689729681257116738e+02
1.569289200634178201e+02
1.645699002428785604e+02
1.420803522437980462e+02
1.602683824376173618e+02
1.707260222717474392e+02
1.586188041297982636e+02
1.580746565745675696e+02
1.560442485428275177e+02
1.957640175737916479e+02
1.510114081406329944e+02
1.587283733111437130e+02
1.770233990703133315e+02
2.031859461571237944e+02
1.692536380996502601e+02
1.755834781942049574e+02
1.665134422847559392e+02
1.678560559973672071e+02
1.581368768919822969e+02
1.868813980315744914e+02
1.726218570060223954e+02
1.761855448617729110e+02
1.392476932938629943e+02
1.562621693837263877e+02
1.420821447317537434e+02
1.595599426096799789e+02
1.513818916068125020e+02
1.656709150917747877e+02
2.194589978071110181e+02
1.505893080564673028e+02
1.923216888669688842e+02
1.369381559083625461e+02
1.417658092280119320e+02
1.360745423804519021e+02
1.238023362282640392e+02
1.132571649232048685e+02
1.410863595208324739e+02
1.814828956479924784e+02
1.399147191619090620e+02
1.276849609645443024e+02
1.767020715596010234e+02
1.230182260703859356e+02
1.356281198603095675e+02
1.102950793723489369e+02
1.681410850033148563e+02
1.016103794797192137e+02
1.884854063113203608e+02
1.950957647699641200e+02
2.736608028314772696e+02
2.947865079347704977e+02
2.605394806824755847e+02
1.793014890968162263e+02
2.970246079228809322e+02
1.882710275802133140e+02
1.931051236838725345e+02
1.894301776227232494e+02
3.164326094343608702e+02
2.207302187888413698e+02
1.909126998232158314e+02
1.958034205450517220e+02
2.771871667656671434e+02
2.774662044769809768e+02
3.232163868811468888e+02
2.056478372691982486e+02
1.693665653652866752e+02
1.913622398533013040e+02
1.516887852855234087e+02
1.569840309525638133e+02
1.747218673373713216e+02
1.032443950938373263e+02
1.010219118753804679e+02
1.111563236009306053e+02
1.239318932979584673e+02
1.136656864423089246e+02
1.871204609654784292e+02
4.804293084885592293e+02
5.253036898150951401e+02
1.168216867272415698e+02
1.614698941839841382e+02
1.480840332252382723e+02
1.632517025919247828e+02
1.842943561023322161e+02
2.008588458141187232e+02
3.073978425507593215e+02
1.680918051907007396e+02
3.435223080997332090e+02
2.803069950649046973e+02
3.019142593936156231e+02
1.694807663663760593e+02
2.189247094845209176e+02
1.519581993523520111e+02
1.597782704580939708e+02
2.151946168320224331e+02
1.567817126460209636e+02
1.565444296511491871e+02
8.332323759672014774e+01
1.292004170504078786e+02
1.280279376253274108e+02
8.194223554614477223e+01
1.284718350428207430e+02
1.201643744479503226e+02
1.161753944399228118e+02
7.185528668590758627e+01
1.290982917430659427e+02
6.760673913895715259e+01
1.618813910017921387e+02
6.752814590809725814e+01
6.895953560593700615e+01
7.325468257876046607e+01
6.908084783050577471e+01
7.334834271649003767e+01
2.034682543177059415e+02
1.404321598276704890e+02
1.420947382281844966e+02
8.388802871670684169e+01
8.547302521498120598e+01
1.255475128839886878e+02
1.215588399347378186e+02
1.690499174015999699e+02
2.164217352319127770e+02
1.616161731227383882e+02
1.742987114043055499e+02
1.848585233484250523e+02
2.127705753404539735e+02
2.141631093145558680e+02
2.133762360268150644e+02
3.288253794165357249e+02
3.469694181198587444e+02
3.503530471044556975e+02
3.489925098124177225e+02
2.377307901168636874e+02
4.158632117149149394e+02
2.498911112916226500e+02
2.492927817450364785e+02
2.808068815966184388e+02
1.684244167676788209e+02
4.090168705534798050e+02
2.305355122415272433e+02
2.535832096698521809e+02
4.581539877307429265e+02
3.344297489322005390e+02
2.365713363282191324e+02
2.490171806488150139e+02
3.395720576419695931e+02
2.592466694742045661e+02
3.661355395852622223e+02
3.332130310341238442e+02
3.151113833990424951e+02
2.320238959701544275e+02
3.270246755669477352e+02
2.301505081984899732e+02
2.768789853457794266e+02
4.468174927275333062e+02
2.260053126799933807e+02
3.045241316977937345e+02
2.189993433946175685e+02
2.393234618631394994e+02
7.033952155850893178e+02
6.414807498738991853e+02
4.615772728462172267e+02
2.925291774416953672e+02
2.197719153215855385e+02
2.622448518372505077e+02
2.605808885492528475e+02
2.222483130891032488e+02
3.158510833375563038e+02
3.110044376516406146e+02
2.591729218267502119e+02
2.552068559836871771e+02
2.959993870018499820e+02
2.668539318445739355e+02
2.301813286141433821e+02
2.821202086514996381e+02
