-7.206310785848187628e+00
-2.897505254370024375e+01
-4.329650896937039306e+01
-9.074873513895100530e+01
-2.582354720215904109e+01
-7.220884284077028781e+01
-1.173744720994043433e+01
-9.092361492690143621e+01
-8.043534531389006759e+00
-4.122236789745583110e+02
-1.110495039795583949e+01
-2.878185183078531963e+02
-5.873441445036474917e+00
3.314929677736924152e-01
-6.676309563104991796e+00
-1.176233258918049085e-01
-1.928549360415856313e+02
-1.359208600427906477e+00
-1.923537591765812635e+02
-3.553195508085089216e+01
8.326738932872235210e+00
-1.974802902658326076e+01
-4.986684399896921249e+00
-8.322951550575115220e+01
-5.299113438609929005e+00
4.380428056766726641e+00
-2.474722411184866644e+01
-7.034892423825525043e+01
8.280614158360652510e+00
8.895319763678664060e+00
-9.828140273019290163e+00
-4.920638038280551463e+00
3.834078384468638490e+01
-1.718303613222989057e+01
2.741465694884614379e+01
3.003441563466229169e+01
5.456894952311475144e-01
6.918228246497953648e+01
-5.775384293488069254e+00
5.905966529993924574e+00
4.153298566912071266e+01
1.412639377031597974e+02
9.993704994690786236e+01
4.091332822507301614e+01
-1.667964129568770826e+00
7.455957482059748997e+01
1.659648591574897978e+02
7.943155380982005909e+01
3.458855169967760190e+01
-4.475361135138808955e+00
-1.587652457808522044e+01
-1.376563511298014220e+01
4.303686284959567843e+01
4.481921326425140251e+01
1.450768079739200402e+02
3.696196227107370902e+01
1.580892475011397380e+02
2.409884490429898207e+01
8.443706041782044736e+01
8.882645720431492364e+00
-5.735423209093622354e+00
2.467271436976977270e+02
-2.224505471358434683e+00
1.502889059659365785e+02
9.217964976505916752e+01
2.029051681338454500e+02
2.994307854370337054e+02
5.382164863077643702e+01
1.773802936193175981e+02
2.564935752002531899e+02
1.504074828714116734e+02
2.624063792753086659e+02
2.565669338380631643e+02
1.266871640976414248e+01
2.241629400194371158e+01
2.916918994870045481e+02
2.298807503965808507e+02
1.671499741524992260e+02
2.316129191224601129e+02
2.931920141941537850e+02
1.012098747975978625e+02
2.778720595008903160e+02
3.398731284609705483e+01
3.390700224522216786e+02
8.818071961220373112e+01
2.047548781984511663e+02
1.493262362304040778e+02
3.040266565750096106e+02
4.213332225451997459e+01
2.782453950659131579e+02
2.555420994498167886e+02
2.328689105992821737e+02
3.650378974429843311e+02
1.075087169340104083e+02
1.623004159624647968e+02
1.729792432417180947e+01
1.270371679219095000e+02
2.315825956889200370e+02
2.682165219799845204e+02
1.346922139971459558e+02
7.561614127260432383e+01
1.135144051505398437e+02
3.582469325581482167e+02
2.356370571405889507e+02
1.835045064477494918e+02
2.037071604544701984e+02
1.157843877731010593e+02
2.515657899837229294e+01
2.448943116337894708e+02
1.464269636678818074e+02
1.480599298562352999e+02
1.010249250706972219e+02
1.629128443446073788e+02
2.090217244696710566e+02
2.086527310905349850e+02
2.009465013614867246e+02
3.749417529449186759e+02
2.420817273135564278e+02
2.678283412345687111e+02
2.829325535652831718e+02
3.429359048412354127e+02
4.227374628780114563e+01
1.512904521550648269e+02
3.418263756329663465e+02
2.265620721871570709e+02
2.231591503011075304e+02
4.126607760339283004e+01
5.278240685477587704e+02
9.526339658477188266e+01
1.983011546410345147e+02
4.055961420263514583e+01
3.489847585648273594e+02
4.647455147528266650e+01
2.770837258131163026e+02
1.480126231370065000e+02
2.281365462289430184e+02
5.334158277416611327e+02
1.846975278964662266e+02
1.762847728832585688e+02
2.452641783910854940e+02
2.776984917708554121e+02
4.902892271003105975e+02
5.618164459337862127e+02
1.996896690715486500e+02
2.032867131754597665e+02
2.072272654450784657e+01
1.218529899954739193e+01
1.538328562778705759e+02
1.143249232591804656e+02
5.561699050595210565e+02
1.974000673263596184e+02
1.618356215047886337e+02
3.889227566836909205e+02
1.912887245968586569e+02
3.840063780695275568e+02
1.272155427090404345e+01
2.111984209715889449e+02
3.739880407635075130e+02
2.011616301038082497e+02
2.898195461016088643e+02
3.630996778555062861e+02
4.987302187009602790e+02
1.775483267209635585e+02
2.723115242773153000e+02
1.302621777288608200e+02
3.853928736307473173e+02
4.681053610505852589e+02
2.336567599400458164e+02
8.950246263126754798e+01
2.240908830828707039e+02
5.903468489766162719e+01
1.831662786217055441e+02
9.426635328411701664e+01
4.067855080223833397e+02
3.330561005823857954e+02
1.577431003592347452e+02
7.367469995550268891e+01
2.090585983270484505e+01
2.761826574029595918e+02
3.216685289183903933e+02
2.272687848888001838e+02
2.399882156455002473e+02
2.815709867470145014e+02
3.738209759575697717e+02
2.161493931477255899e+02
1.571001031134415200e+02
3.605040296425438555e+02
5.833011789218961951e+01
2.881682160452392054e+02
2.681469826839826283e+02
3.029036173673650012e+01
8.830869157076848808e+01
1.620195801822345913e+02
3.436495568046751714e+02
3.890124621016129680e+01
2.347501797608388188e+02
2.171836951642523843e+02
5.418865708596867137e+01
1.982324372221247302e+02
2.815624213532153775e+01
5.795883015777964147e+02
3.071146462682731908e+02
1.222360603732163327e+02
2.115125713376172882e+02
5.395976038180456271e+02
4.701309729577172192e+01
2.687784111708194814e+02
6.715404710029312696e+01
2.914728039733342939e+02
2.292019779273575182e+02
2.575352020365695438e+01
2.603881319339749325e+02
2.095415723501965886e+02
6.301180046770011813e+02
5.781503588340241322e+02
4.282259135705377844e+02
1.237659420058294586e+02
1.362055681036105170e+02
9.898246654169801673e+01
3.778891584572870102e+02
1.391010605842891152e+02
3.540137562523594852e+02
2.604692456791243558e+02
7.740221619287126487e+02
3.280130527549083581e+02
4.966084483352059920e+02
8.311680981187687394e+02
7.089060853281069967e+02
2.248618661201390410e+02
3.860089687735163011e+02
4.970744723489527814e+02
1.410531372579839271e+01
2.085252504212504050e+02
5.205854064686091078e+02
1.378630458969354891e+02
3.034202775981182185e+02
2.559208108395770864e+02
2.540482688430761584e+02
8.591448452310903576e+02
5.606846768344864813e+02
2.337300565926487366e+02
6.460226447904278757e+02
4.301781727668708299e+02
4.186764942799261462e+02
3.054100495077007622e+02
8.397819823607392209e+02
7.814205402870421722e+02
4.023209398863597812e+02
5.421461409800066349e+02
8.913285465262722482e+02
7.060000872967431462e+01
4.952798358735417139e+01
2.175707902217065737e+02
3.554936887332126503e+02
1.663994416566894756e+02
1.453462332614667218e+02
2.126599793862221475e+02
9.152734032696820350e+02
5.056064620150649489e+02
3.482546802163376469e+02
4.059734333764598659e+02
5.107694452321509289e+02
7.783835888545900161e+01
9.187476483150151125e+02
1.331768856873027005e+02
5.175568658461777432e+02
2.762058729278139708e+02
5.717822971002103714e+02
4.530193731603918650e+02
7.945413705252353793e+02
9.348862077427430677e+02
1.062604724574506690e+03
2.817059940293191858e+02
3.253446628722423952e+02
1.225717476143350737e+01
3.221572140232311199e+02
9.165954559354286175e+02
9.253761764030605264e+01
6.521330292845537997e+02
7.126279256855115136e+02
4.887035278317151210e+02
5.462113278446395270e+02
8.637335999100496053e+01
9.760004533058437346e+02
5.976147346968123202e+02
1.120127929327472884e+02
1.049772148742137460e+03
1.438400788145503100e+02
5.138447165339046023e+02
1.279969575689127339e+02
1.056254356876447673e+03
6.949366228431824766e+02
2.566167058047573164e+02
2.981150318810686599e+02
3.250602722171202004e+02
4.650164634652286964e+02
2.378210182722428101e+02
1.067133180925929310e+03
1.102234252713853039e+03
6.217663085869167361e+01
6.611985222798202813e+02
7.417559554988243917e+02
1.175540463985280667e+03
1.700756598015803718e+02
2.334258167865788209e+02
2.968724085152560406e+02
5.622563209061883072e+02
3.139728832206484412e+02
3.825884385212144707e+02
9.382229792969429809e+02
6.902545450286193045e+02
5.382419374751195846e+02
4.013651501087482529e+02
3.225318609532759524e+02
4.274273455381901385e+02
4.441686910459633850e+02
1.006652693467532345e+03
3.866912846773033152e+02
4.139558648421302678e+02
4.576533728617076804e+02
1.122513112001151285e+03
6.202412050091089668e+02
5.401234779324628335e+02
1.290763098797250677e+03
1.173900944524341639e+03
1.141103595508400019e+02
2.506334704987929456e+02
3.680971458315788709e+02
4.275336003949454380e+02
6.034571750210764094e+02
4.060504403937675306e+02
5.057292867794735116e+02
3.834892476252633173e+02
5.362218323009739152e+02
4.190912523196644202e+02
9.835756973010487627e+02
7.414209280422001029e+02
8.257060890517495864e+02
5.872729271703726681e+02
3.915524652895738882e+02
4.570910240777207605e+02
7.338080593835189802e+02
5.266011717765350113e+02
3.548836462508238583e+02
5.528869418413772792e+02
5.965417577002792768e+02
1.251267179177151775e+03
1.164278706296178598e+03
3.697152748723804621e+02
2.171841637156393290e+02
6.225280521754606298e+02
1.247587432907160064e+03
2.971899618250945991e+02
1.332535717818772355e+03
4.904285130201691345e+02
5.961727996993362240e+02
3.470528754967591567e+02
4.898206344042148430e+01
7.053822910433116249e+02
1.181716760282826044e+02
1.409354823276344177e+03
6.702332702871294714e+02
7.464498068003076696e+02
4.719488713915447420e+02
7.110439650366329261e+02
1.134245113227432512e+03
4.329690474611697937e+02
1.487924130014818275e+03
9.371626508990891580e+02
3.223838704576834289e+02
1.301993586717090693e+03
1.091384949522074521e+03
3.198563254332218548e+02
3.044759120947329052e+02
7.967225306181538826e+02
5.207014300140587011e+02
5.190402353623061344e+02
5.225115617276462672e+02
6.717483232556494386e+02
5.911336561268719834e+02
1.052570540120055753e+01
2.430910518770357385e+02
1.497794478996357839e+03
4.639280793143306596e+02
6.852731189621200656e+02
5.363648210788684310e+02
1.228430250844653983e+03
5.433154589884320558e+02
9.054017178064179916e+02
6.439117540016765133e+02
1.445804829758920050e+03
8.092622847355835347e+02
3.624613417073059054e+02
4.467529791715516581e+02
6.130184248654210251e+02
1.580710234359913784e+03
1.551094750792937248e+03
4.088400963111770920e+02
6.504781895078140224e+02
1.650458068905057644e+03
6.878527064063260923e+02
7.212161365784660347e+02
7.369691298025479682e+02
1.650116570624519682e+03
1.147389017962410662e+03
5.570631615797401537e+02
2.378714992393549323e+02
1.458362996334628633e+03
1.392175333987427393e+03
1.070008191734140013e+02
5.519318515860175012e+02
5.277118786255365421e+02
1.497105004336264074e+03
6.454434786485019515e+01
1.285831983183054945e+03
3.680557500974746858e+02
1.560434882053372348e+03
6.254878243784571623e+02
4.284602591158422342e+02
1.424637863694490534e+03
8.648299415325773225e+02
1.709620053328433414e+03
1.521249643156189450e+03
4.660464261157945884e+02
7.681003400532324576e+02
7.551309061245399334e+01
1.683753121589639022e+03
1.304822503573467429e+03
6.994141103433507851e+02
9.722638323809740086e+02
8.451124254043941164e+02
4.187881871960394733e+02
7.938637169720740303e+02
1.881702307295300216e+03
9.057092690914396371e+02
9.640831839218911909e+02
7.086883368547499913e+02
4.235898490957720242e+02
2.066671273558425241e+02
2.712473336424728245e+02
1.198606628475946110e+02
3.169040631453473225e+02
3.166945490502334337e+02
1.529501401843484928e+03
8.359701737170539673e+02
1.737617474027054641e+03
1.817802399746054562e+03
1.777543739906948758e+03
7.448646158824445820e+02
9.724694480989401200e+02
4.642419425365278585e+02
1.607698409044746541e+03
1.416329603580277080e+03
1.027462894046544534e+03
6.553241790999073828e+02
9.652031163907935252e+02
1.778938041722843082e+03
3.211318084727654991e+02
1.859476290528273694e+03
3.735238774900344083e+02
3.990717986370148651e+02
5.293306245348604762e+02
5.112908951024743232e+01
1.351873681218494880e+02
6.665303187885332363e+02
5.796491194596618470e+02
1.256287062878343932e+03
3.087884810683937644e+02
1.038305860977053271e+03
8.680394377503539545e+02
6.763719318511642768e+02
1.816085732837281739e+03
1.130010035106876558e+03
1.151375394549578687e+03
1.752954277438240638e+02
1.761167326086575031e+03
1.795459164900019914e+03
7.729712557340957346e+02
1.607722371989817475e+03
1.890944526925841728e+03
7.751774493089898215e+02
1.824412688715619879e+03
7.647301844445017593e+01
1.933553683948685830e+03
1.956189231802583436e+03
1.975571779573175036e+03
2.488254328932133035e+02
3.063039926898750309e+02
1.855950221248412618e+03
1.753251358633136078e+03
2.010621396712149817e+03
1.638309762150943470e+03
1.880007230679595523e+03
1.883897690081857945e+03
1.999213289834799980e+03
1.999879232034031247e+03
1.217531227624242092e+03
2.694998847922198024e+02
1.410258420511121358e+03
6.618022890305204555e+02
9.906333711099435959e+02
1.836336979825488470e+03
1.074571810281948501e+03
8.249750933219954732e+02
2.121555401797420927e+03
1.934812513557820694e+03
5.990812623812605580e+02
6.536793295744463421e+02
3.036355778951089235e+01
6.574776572565231163e+02
5.516844739427511257e+01
1.741790367205826897e+03
1.587859571527053731e+03
5.573375232988800008e+02
8.318187412365030013e+02
2.004468964347104247e+03
1.983872198764864834e+03
4.404487841180285841e+02
2.117194634484614653e+03
2.209776110671942661e+03
7.775661449838287353e+01
1.441271007749076034e+03
2.163273524965140041e+03
6.921009143683627372e+02
1.397545757293320094e+03
2.099905705744666193e+03
1.830532984999412975e+03
2.165070538101011152e+03
1.776806194342906565e+03
3.279876552152517206e+02
8.660474235344545377e+02
1.371518671568141144e+03
2.088795957775416355e+03
2.081635353809022490e+03
8.036629746682431232e+02
1.694682346952090029e+03
1.987756155117364870e+03
2.041680376868839176e+03
2.094654407831681965e+03
2.292797148338641819e+03
8.272137623094279206e+02
1.179025680376334094e+03
4.080149695154096321e+02
1.326081317213419425e+03
3.632410018269132479e+02
3.517591591930071218e+02
1.655812211633429797e+03
1.299698548537655597e+03
4.155403914314626945e+02
6.643299212923086543e+02
2.257460262271051306e+03
1.671685287603816960e+03
1.444350160227041670e+03
1.338112102858028720e+03
1.795337942827162792e+01
4.730523737490105987e+02
1.012560386231828033e+03
2.136967027342747770e+03
2.023998063532067135e+03
2.264586024905753220e+03
2.974812317480068486e+02
3.977086146844315806e+01
1.790237573487362170e+03
1.654330275656753884e+03
2.276469279768932211e+03
6.889562394529295943e+02
2.237320840822879745e+03
3.364111215548153950e+02
1.564299707667242274e+03
3.910600410624107326e+02
2.340453271322987803e+03
1.948287577255692668e+03
9.215638947869421145e+02
7.673551922064693827e+02
2.043370964474541324e+03
6.346903089738433437e+02
6.636252143061616380e+02
9.294535414610934367e+02
2.500122799175264845e+03
2.243520545699965169e+03
2.198170316493319206e+03
8.850428048106888355e+02
2.300101062830256069e+03
8.688796052415700615e+02
6.143486211364005385e+02
1.608237514830670534e+03
2.445891086361355974e+03
2.342394252935085660e+03
1.218848651855548042e+03
2.391935828617649349e+03
1.308887293229046463e+03
2.252285255964567568e+03
2.571032068796509520e+03
2.210144243914794060e+03
5.538840262433193402e+02
7.823368536641885385e+02
2.264412950795608140e+03
2.446685595883145197e+03
2.501325261387893022e+02
1.254884554995797089e+03
1.386525438385976940e+03
5.091592188330601516e+02
1.355164140741141637e+03
6.814108328520949271e+02
1.804790258351220928e+03
2.160640707793357251e+03
1.906135411663129162e+03
3.326335642756270090e+02
3.969990450367609469e+02
2.443831043331854289e+03
1.562623602857359401e+03
2.497699298761667251e+03
1.666457173211106237e+03
1.963291841030279329e+03
2.205783790387722547e+02
2.599214216354002474e+03
9.178765722931645996e+02
8.843684151681118237e+02
2.581573186463939692e+03
1.498694776282228077e+03
2.395866715900331201e+03
1.282821622680425435e+03
2.710949199543617851e+03
2.461201681840218953e+03
7.925984575445704650e+02
2.448512222876525811e+03
1.478126106722348595e+03
1.083486363656025787e+03
2.598086586669100598e+03
1.157999113409030315e+03
1.800024717680650610e+03
2.549473649850830952e+03
3.147047388060951789e+02
2.448266695501427421e+03
5.795916118943046058e+02
9.129469409457344682e+02
2.945439177690780070e+03
2.405786051395814411e+02
1.009459831717973316e+03
2.498627171587004341e+03
1.279225305109118835e+03
2.318396802320900861e+03
2.575182167547913650e+03
1.290346311727436159e+03
2.627798801870155330e+03
2.580849291302452002e+03
2.731245293172399215e+03
6.792131313544103932e+02
2.842371998136609363e+03
2.458117158138987179e+03
2.649823472920294535e+03
5.550966014490437601e+02
2.722343523878963424e+03
2.756182057820525188e+03
8.486855454657352311e+02
3.380829768045866786e+02
4.021461525592924886e+02
2.490855560545689514e+03
8.732369096011565262e+02
1.136166588206686583e+03
2.313636399247705413e+03
2.855745962421095101e+03
2.128632642379545814e+02
4.716563427868010194e+02
2.623122846266330271e+03
2.674538748566602408e+03
1.718994240152554084e+03
2.409376551074547933e+03
2.835298729336460383e+03
8.537145698288331914e+02
2.784992300791590424e+03
2.666935940334112274e+03
1.144324089335262215e+03
2.908810737290340057e+03
1.437108337422202794e+03
2.906369586124477792e+03
7.778826202414076079e+02
2.751713415137645825e+03
1.178622917798999879e+03
2.695964796660726734e+03
4.582833991107672773e+02
9.584631322450086373e+02
2.664595258199119598e+03
7.828575927191440087e+02
1.760817266803499024e+03
2.545732147139676272e+03
2.519183845290740464e+03
2.156924566022617000e+03
2.823391799084377453e+03
2.919325490211661418e+03
2.676970492383129567e+03
3.424024120469152876e+02
2.731499568112241832e+03
6.297076034638650981e+02
2.730905846956458845e+03
2.624632251970231664e+03
2.932906687848582806e+03
6.064931510471701586e+02
1.568261992177816865e+03
2.244253785898304159e+03
1.122538330909388833e+03
1.017403605723569513e+03
2.832439663374727388e+03
2.671435210249231204e+03
2.737038964112184203e+03
2.696225072623102278e+03
1.563328807863602151e+03
1.171251927945006628e+02
2.788847098588215886e+03
3.163076112349776849e+02
2.913366118583741354e+03
2.589715687949749736e+03
1.956652658427733058e+03
1.412378163587258996e+03
4.238439936755344775e+02
1.879268562789625321e+03
2.691587206559252081e+03
2.719484487648167033e+03
2.056224408054776177e+03
1.139861214979694068e+03
4.607118295905369365e+01
2.873956604891159259e+03
2.846807949153246682e+03
6.087923740124920187e+02
7.778441701671349620e+02
1.487429687250126335e+03
2.236661831651944794e+03
2.052977031140556846e+03
2.868654856614118216e+03
2.902159044468023239e+03
3.010991925524121143e+03
6.000913665849479628e+01
2.987168267471633953e+03
3.032514781922744078e+03
2.465518557762296041e+03
2.409381177195645250e+03
3.608523274165031012e+02
3.517667091975104654e+02
1.506200057248726580e+03
2.978012394713495269e+03
4.950250917261924428e+02
1.377209893960023010e+03
1.382169503431160820e+02
3.074763365602039812e+03
2.288591479949629957e+03
2.241955944973371970e+03
2.243815823273158685e+02
1.321422524308289212e+03
2.966435532491678714e+03
2.795357399549731326e+03
2.820947761273712331e+03
2.718578376159709933e+03
2.943624107868677129e+03
3.053023558039898035e+03
5.351830485223712230e+02
3.254856816527738829e+03
1.440272824728985142e+03
1.080557888179014299e+03
3.187102636408303624e+03
1.072447273521859870e+03
4.300054095670320180e+02
3.150799386172791401e+03
1.086425107545567698e+03
2.777549218673980704e+03
1.413463330806931026e+03
3.048613023184526355e+03
1.790370729774201209e+03
1.588783299953503047e+03
2.860121537683250608e+03
1.092656388644526032e+03
9.485704381665509572e+02
1.877092521701139958e+03
2.927434780865830362e+03
3.141141758642446803e+03
3.127311865451436915e+03
1.176772045337735562e+03
2.011879302007205524e+03
2.573099989262404051e+03
2.920340934685390494e+03
1.668132545049694500e+03
2.634716617128263806e+03
3.208337934794869398e+03
2.318031494908033437e+03
2.777805695304386063e+03
2.719150259637145155e+03
1.208623897450541108e+03
2.958768974477578922e+03
4.391616602743616227e+02
1.874565449966155938e+03
2.960564251594862981e+03
1.238038814028589513e+03
1.282229865860779228e+03
3.015787501537787193e+03
1.473951762325594700e+03
3.178662996397260372e+02
2.966565711465044842e+03
3.235630573808544341e+03
3.395622006144005354e+03
2.955447625906463600e+03
3.375674869040418344e+03
2.763206993445844546e+02
3.209066895605966238e+03
2.858392951286186417e+03
2.977788780178882462e+03
2.954748664232135980e+03
2.068102852198653636e+03
6.888355987652605563e+02
3.126125665701543767e+03
2.980386586407445066e+03
2.075186550595269182e+03
2.595533910232881681e+03
3.095003616697421421e+03
1.455586208689721161e+03
3.113542931822820719e+03
1.421491438196711670e+03
3.173503975646036452e+03
3.071260794081231325e+03
3.176939504803422096e+03
1.337946391096733805e+03
3.050803029623333259e+03
3.146820017493628711e+03
1.097467703395743456e+03
2.990371765703935125e+03
3.366106069592958193e+03
1.486481140325030537e+03
6.730920757642178387e+02
2.646063712236466017e+03
5.719540787356063447e+02
2.470300427072325874e+03
1.506716143377127992e+03
2.803985294979578157e+03
3.101657834052458384e+03
3.182184298018794834e+03
3.307500821300766347e+03
3.337424225710238261e+03
2.092678267613453500e+03
3.227028113848823068e+03
3.449640505591633428e+03
9.003925613363428511e+02
2.956670692875919485e+03
3.116964319035558674e+03
2.899260494068029857e+03
9.224015943303362519e+02
3.303974224021985719e+03
3.008563111391540133e+03
2.547137314613048147e+03
3.222555512956234907e+03
3.158690882302074897e+03
3.244450781535055285e+03
3.198569769772530890e+03
3.156372228198070388e+03
3.185694870577951406e+03
2.477771895705746374e+03
9.738414660947759671e+01
1.335927959529511554e+03
1.439786118048811886e+03
2.665373806766767757e+03
2.278883004575899577e+03
3.207727238933702210e+03
2.677203229815644931e+02
3.300860276472407804e+03
3.304062804907004647e+03
3.143107681316590970e+03
2.861014719276777669e+03
1.560840134849740707e+03
3.293639916553127478e+03
3.167724940085209710e+03
3.304149656570030857e+03
3.368136569204868465e+03
3.296215402088953397e+03
3.418049102874519122e+03
3.386165176076068292e+03
3.362597451751755216e+03
1.797628826717062111e+03
2.263319268646243472e+03
6.618237839698092557e+02
3.515844405625261516e+03
3.296725826076077738e+03
1.325279389384236993e+03
3.266900851063346181e+03
3.243996849301462134e+03
1.721718918305400621e+03
3.504221854188429461e+03
5.453564485285356795e+02
1.614885912636096066e+02
3.171096342878924588e+03
8.378438167391352636e+02
3.441612428674719013e+03
1.225382144500052391e+03
9.711159384174611660e+02
3.135296723411505809e+03
3.308396018000577442e+03
3.870300206967683607e+02
3.305250935141662012e+03
3.364057993397448172e+03
3.441259967871891604e+03
3.131245206848077487e+03
2.649722891449845065e+03
1.428933046477783137e+03
3.708084744051081998e+03
3.140384417944751476e+03
3.520522495371048990e+03
3.234395195549983782e+03
3.383062899698728415e+03
8.440162382709372650e+02
3.124905099266364232e+03
3.519807330845078923e+03
3.404285241440868049e+03
3.008099616272626008e+03
3.381920247080885929e+03
3.453725173172232644e+03
3.232321082056957948e+03
3.737122417912910350e+03
5.248829007000548472e+02
2.622426110368449827e+03
3.605948942599074144e+03
3.274486220782191594e+03
3.042858575906930128e+03
1.760640321625774959e+03
3.374958835167336929e+03
3.118802854765455322e+03
3.287913466012755180e+03
9.270052920427558547e+02
3.078227245404398673e+03
2.859807243212919730e+03
3.308096807119596178e+03
3.016624742920634162e+03
3.386825916299223536e+03
3.486926647619801315e+03
9.022975173856814308e+02
3.618520518173299934e+03
3.352487080754872750e+03
3.314804690797448529e+03
3.504045206904683710e+03
2.953897962618346810e+03
1.369939047639604269e+03
2.088460821482616666e+03
3.359672503437421710e+03
3.148508268445133581e+03
4.086136024787271026e+02
1.642032244645370838e+03
3.382599479720224736e+03
3.680151185562428395e+02
3.099911402191698471e+03
3.693723138037056287e+03
9.735277237104644428e+02
1.686978167500557220e+03
2.135194843859886987e+03
2.021717255926557982e+03
3.161650466890636380e+03
2.636630489407124514e+03
3.513909981772717856e+03
3.609144174918851604e+03
3.908426882919980017e+03
3.210692942430620406e+03
3.530689130229725379e+03
3.246989199048362480e+03
3.495915749604506345e+03
3.543758717182232886e+03
3.314535056402215105e+03
1.690757269606381215e+03
3.279474567832743105e+03
3.574369014481934755e+03
3.297912488619439500e+03
4.366942862743510432e+02
4.509858343388381172e+02
1.414868284282845707e+03
3.124140066214467311e+02
3.749338062571527644e+03
3.642274598986348792e+03
5.734559665572471658e+02
2.354076826660579229e+02
3.334339121779977177e+03
3.470470607195061348e+03
9.508884613670880981e+02
3.534650099353856604e+03
3.457692327000114346e+03
2.147490190398656523e+03
3.128492464498904610e+03
8.251415983520608961e+02
3.489362427859961826e+03
3.644862107864604241e+03
3.474667720345982616e+03
3.513763024712934566e+03
3.871161015601288454e+03
1.150481563494575994e+03
3.695508210279894683e+03
9.662554331168482804e+02
3.410333220220364637e+03
3.800111241007407443e+03
3.496285862183728113e+03
3.563799763473427902e+03
3.425854476810832693e+03
5.710112889442718824e+02
3.347742533895201632e+03
3.597721975715170629e+03
2.413966738138309665e+03
3.697959655027329063e+03
3.572690640976545183e+03
3.394640231652107559e+03
3.638807489539212384e+03
3.597987732173088716e+03
9.672061820835874641e+02
3.872587925976559745e+03
3.640116415826448247e+03
9.404086994961916162e+02
3.672516495075347393e+03
3.396222330586700537e+03
2.386971677010437816e+03
2.734414038435959355e+03
8.792276215336582936e+02
2.627245053387135613e+03
3.526567258128363846e+03
1.452286136808636911e+03
3.580039420035544936e+03
1.406829901263518195e+03
3.788644364725464129e+03
3.535000386797012652e+03
1.481407928866161683e+03
8.991803429656511071e+02
3.183163986079913229e+03
1.079395030691692000e+03
3.666862895032727465e+03
3.598501035850800690e+03
3.751407057516217264e+03
1.078777835225403123e+03
7.518754085930480002e+00
3.787293074085112039e+03
3.871472584634272607e+03
3.710853405088263116e+03
2.741432674217630847e+03
3.737285634825846500e+03
3.794969130238132948e+03
3.404597963694893679e+03
5.700291530151340567e+02
3.798844221112120977e+03
2.874063286277481893e+03
1.046354942902985840e+03
3.440581890850479795e+03
2.994850855160846550e+03
3.779510969548366120e+03
3.763236773782542059e+03
3.747383183984300558e+03
3.750904264264230278e+03
3.310990163195153400e+03
3.858366978356784784e+03
1.203171477114937943e+03
3.494911623841887376e+03
2.210679478149961597e+03
3.935964693372882721e+03
3.863514490518903585e+03
3.658777691090001554e+03
3.415782480995922924e+03
3.686495611151525281e+03
3.476888550275672515e+03
3.796918033087889853e+03
3.986407681129770026e+03
3.708564748098221571e+03
2.643051049391236802e+02
3.660022281359068074e+03
3.568892020662096456e+03
3.564857392242756760e+03
3.527584220463161728e+03
3.678696697510721151e+03
3.710830301124744437e+03
1.861899673762349721e+03
6.064928771286648725e+02
3.745323473635908158e+03
3.612885467484812125e+03
4.118949620860265895e+03
3.775330510606426742e+03
3.794101064863703414e+03
3.612822496970934026e+03
4.138720762451724113e+03
3.785446110153571681e+03
2.095332330907142932e+03
2.451656809080390303e+03
3.630636114511161850e+03
1.292750997439340836e+03
2.222578224489451713e+03
3.537816810655080644e+03
3.813419454978706653e+03
4.067597242335697956e+03
3.828712295413954052e+03
2.698523094463753296e+02
3.723965737378313861e+03
3.741335612751968256e+03
3.928609331402630232e+03
5.607108003241670531e+02
7.728959698216365268e+02
3.974874348601696965e+03
4.066362549502181537e+03
3.677353144658288784e+03
3.736895347318366930e+03
3.969068106268776319e+03
3.648338500682445556e+03
3.846662120514182334e+03
2.803462390043193864e+03
3.855657956204162019e+03
1.716835841144538790e+03
4.786808000600846640e+02
1.901752182964765552e+03
