1.101923545327831810e+01
7.146091792966140943e+00
1.137942814383216117e+01
1.272850189619349415e+01
1.529158980067205853e+01
1.460534800712616033e+01
8.862026398247280667e+00
1.504305915886402012e+01
1.242363051210850955e+01
7.436654084629440220e+00
2.576859719368140134e+01
9.154326472596693520e+00
7.559962227018725223e+00
9.254182990848816459e+00
7.929617050638802844e+00
3.933171367812215991e+00
2.648847592695916831e+01
1.068268846012239237e+01
1.289178900861518073e+01
1.822210103572500373e+01
2.331850612770599085e+01
9.081080437511154457e+00
9.356354147648264785e+00
1.354581625711717052e+01
4.042909663989146907e+01
1.313808950254773222e+01
1.037702653697962596e+01
1.943731800810925563e+02
1.067028368747169864e+01
2.768571978179888404e+01
7.720146399613793164e+01
5.548928613848764257e+01
5.706363363926112875e+00
2.196029419503400959e+01
5.236893889886390241e+01
6.679927914522815868e+00
6.226752891741359974e+01
5.463169055136585683e+01
4.454091209065743584e+01
4.293967100282045379e+01
4.928253194617126098e+01
7.109633533578225695e+01
5.042448096806039359e+01
8.525242856818009329e+01
5.300877040991092315e+01
4.815256940964312093e+01
4.378539019731364590e+01
4.406389692384504997e+01
4.018280515959613552e+01
7.766387180567033965e+01
8.887754285057920356e+01
1.661550186232310011e+02
7.902394012015717806e+01
1.727676024347613293e+02
1.545904841305441551e+02
1.749589054703575073e+02
1.603543435537794721e+02
1.711237243101531078e+02
1.758587443336417664e+02
1.693243689591478756e+02
1.795417401282512344e+02
1.892336307138386644e+02
1.719069367537914559e+02
1.672926664199943048e+02
1.614089711953591859e+02
1.951929486226656536e+02
1.851253162300164661e+02
1.860102299296653712e+02
2.253322790721343551e+02
1.746526384426177856e+02
1.918005682846048217e+02
1.840062576994926928e+02
1.288080204656720582e+02
1.831743115190763831e+02
1.248186380420239772e+02
1.374415809352198607e+02
1.299769960223090379e+02
1.016421451026124885e+02
1.225798375886265035e+02
1.675671017240063065e+02
1.099897247262306337e+02
1.314543899261581146e+02
1.440886167006927110e+02
1.569630691313497266e+02
1.694077924501024199e+02
1.707189994770262729e+02
1.365232359257482244e+02
1.713352161741109114e+02
1.661484107429412518e+02
1.667806405876069391e+02
1.664777624776818072e+02
1.739402242536386041e+02
1.862055372851276900e+02
1.624496323454865205e+02
1.700493513563342844e+02
1.760637787193790302e+02
1.630514621058731279e+02
1.654589130908366315e+02
1.792977525260058940e+02
1.642435474179267487e+02
1.846068552552945050e+02
1.762110959031346908e+02
1.783699558557555349e+02
1.765256679580404295e+02
1.763462062923105691e+02
1.720515136865904253e+02
1.801016828628650046e+02
1.742131491596675232e+02
1.699858891915169465e+02
1.695090330647146004e+02
1.636529610388192850e+02
1.679604424210451441e+02
1.652413899668053716e+02
1.887225558836257449e+02
1.557777175202043907e+02
1.696584732170390737e+02
1.512005177237815587e+02
2.146091776745737434e+02
1.405953866561372934e+02
1.775982414063734325e+02
1.729744908696067398e+02
1.474989112195899565e+02
1.644430244132302050e+02
1.898601706544195054e+02
1.899136768996210378e+02
1.515883909418936923e+02
1.722957978610034218e+02
1.626680272373948526e+02
1.605350565520421355e+02
1.728744206339848404e+02
1.896718799978220034e+02
1.751961255623820932e+02
1.602574350536154384e+02
1.669119854975332373e+02
1.482515746035810764e+02
1.181246921401622956e+02
1.763441667623010574e+02
1.407647963021096587e+02
1.587217889053544866e+02
1.753328483608294448e+02
1.888786687073566384e+02
1.832441702113052884e+02
1.955549601950603176e+02
1.851611204566664242e+02
1.819297870440905740e+02
1.941006457780491701e+02
2.208803615704226218e+02
1.895418801953969421e+02
2.143750996918420242e+02
2.171151545829366967e+02
2.079544608831806727e+02
1.700041861893423913e+02
2.002010044224454361e+02
2.119492355178972787e+02
2.024616036988869041e+02
2.011819637018564038e+02
2.096392525425795554e+02
2.107019647149063815e+02
1.885730374276378427e+02
2.242003142176970414e+02
2.348240594316805527e+02
2.286734252091279984e+02
1.609417762805216796e+02
1.655683415348051994e+02
2.262117489477386698e+02
2.385799585072950606e+02
2.236521070615018516e+02
2.344061415615714168e+02
2.162931240169299087e+02
2.405729975036020960e+02
1.980307321822056394e+02
2.183783170742896118e+02
2.313639668744493463e+02
2.541598075723251497e+02
2.254744411743536432e+02
2.170702849062263340e+02
2.496948920591455305e+02
2.215846036314527510e+02
2.101984207333527763e+02
2.124032298688401283e+02
2.135653547199708839e+02
2.084995320288939809e+02
2.091012419460620890e+02
2.027242696462367064e+02
2.242092636695157921e+02
2.089786378084971261e+02
1.872069026014571875e+02
2.386057580281637343e+02
2.246897814401614539e+02
2.162300655409722481e+02
1.939831208235943620e+02
2.459672498770675872e+02
2.036982218664651327e+02
2.144570207904294250e+02
2.214295979979904700e+02
2.079622084370486448e+02
1.197418885158029838e+02
2.138313874069886538e+02
2.122016929696956140e+02
2.231768816494205794e+02
2.155462541507246783e+02
2.437626868490056040e+02
2.326221884467779546e+02
2.444446007997613606e+02
2.403486815747191940e+02
2.409441429983813521e+02
2.583574859637045051e+02
2.104119873169968287e+02
2.532149352403845342e+02
2.280148545416944614e+02
2.385389080433134836e+02
2.833197504606710595e+02
2.658334547443739666e+02
2.499189538983955856e+02
2.229368314630135899e+02
1.679138219531959351e+02
2.496587416233640226e+02
2.622850770471462170e+02
2.315797845075426835e+02
1.997367009906919293e+02
2.553862651336112037e+02
2.560160476949640724e+02
2.458432433147037557e+02
2.537536878838338055e+02
2.419757721856513797e+02
2.561080490768538880e+02
2.802424185094018299e+02
2.274743315646616679e+02
2.723566388904063160e+02
1.976511922005500423e+02
2.910332147696660741e+02
2.074293677293088649e+02
2.879167098613199869e+02
3.033329948383017154e+02
3.016307338962090512e+02
1.833614566362725782e+02
2.762612876559010147e+02
1.016480936202039089e+02
2.128712315484208091e+02
2.911304407691876008e+02
1.401853261980441232e+02
2.976274524204154091e+02
1.665214653474127715e+02
2.537211118052948109e+02
2.564280140940366550e+02
2.472691438994251882e+02
2.723755736590273955e+02
1.027133670229172395e+02
9.407606945980285218e+01
1.152254200247199378e+02
1.025929937475610956e+02
1.055152013121184069e+02
1.992294480555906375e+02
3.109492979794734993e+02
2.534990168931444146e+02
2.182056688987298685e+02
2.721999677573936083e+02
2.063113475741879768e+02
2.494059382031117877e+02
2.564428304687598938e+02
2.575031058822126511e+02
1.752571881215431233e+02
1.962772877367711146e+02
2.621956361220642293e+02
2.807618151549636423e+02
2.898247106701810480e+02
2.790944603722680881e+02
2.700985415348218908e+02
2.437080327283308634e+02
2.833243289649936401e+02
2.876664130607045990e+02
2.800789656204333369e+02
2.947430545047657802e+02
2.504417283672692349e+02
2.932337076943122725e+02
2.789383190881954988e+02
2.799673863737613715e+02
2.892873230420134973e+02
2.955053764549701327e+02
2.592082827428928908e+02
2.545823837400419336e+02
2.625564906604916473e+02
2.866250833963174500e+02
2.630417041915898722e+02
2.844942104521496731e+02
2.882083388663696724e+02
2.807953051438555008e+02
2.971457427082744402e+02
2.625516865902214931e+02
2.871337290054764253e+02
2.845078748128069037e+02
2.935756571495517164e+02
2.796133887574311530e+02
2.677584811787797321e+02
2.841771394217699367e+02
2.479361148137966211e+02
3.059582535973198674e+02
2.765543044194846516e+02
2.829582464658961953e+02
3.037939448739488171e+02
2.783953360284143628e+02
2.665722737238925788e+02
2.577082932451938291e+02
2.821265030030155003e+02
3.061478532717095504e+02
2.887086269391061819e+02
2.572645617082545755e+02
2.408308815168925889e+02
2.802340624892437972e+02
2.754247826547904197e+02
2.753261772004127579e+02
2.971207592687541705e+02
2.525137620666254747e+02
2.759387296445831907e+02
3.030944241976724811e+02
2.652801954391619574e+02
2.785571628785735925e+02
2.880892775701857431e+02
3.027382585844969185e+02
2.589868784787047957e+02
2.988891024611496618e+02
3.026343584117023511e+02
2.748243233586250653e+02
2.996171539658520828e+02
2.823185519696809251e+02
2.957726923907844707e+02
2.937853126770153835e+02
2.866048993782570733e+02
2.762884405253777231e+02
2.814572174312669404e+02
2.903530943861402420e+02
2.844280113059112409e+02
2.888437357209369907e+02
2.971278459613166660e+02
3.178815591076302098e+02
3.123302607699367854e+02
2.819031790559557180e+02
2.957746217425527107e+02
2.994419011237453105e+02
3.028931102321619733e+02
3.079204040260494253e+02
2.544010043650427235e+02
3.138157870701742240e+02
2.908733381189799729e+02
2.907614095266903291e+02
3.015607013273076404e+02
2.990962087358118424e+02
2.971745709402033526e+02
2.909720812590027208e+02
2.836297595864014625e+02
2.923842339348831274e+02
2.968683113706338190e+02
3.238673892632487537e+02
3.204694791877188322e+02
3.081672955417735125e+02
2.941809337482492310e+02
3.044901473164725871e+02
3.102671448224035089e+02
3.109348759843704215e+02
2.633112956257162978e+02
3.002589981619917125e+02
2.756685141020981291e+02
2.970945286528252041e+02
2.732831685982628187e+02
2.861897250671183883e+02
3.157996099450484735e+02
2.869314270639384290e+02
2.947117635399695814e+02
2.773222900928057584e+02
3.125619985142637915e+02
2.635636339824453671e+02
2.981199355559047603e+02
3.012199206665693509e+02
2.766316031887462259e+02
3.064154732100385559e+02
3.284924159691862542e+02
3.238893235597846569e+02
3.098821447131154514e+02
3.033937657388059961e+02
3.327156050507663281e+02
3.002096088978181569e+02
3.200624240062560375e+02
3.064135823384168589e+02
3.131663706079825715e+02
3.289239888980098954e+02
3.329965830179565387e+02
2.904872824208172801e+02
3.338475065675868905e+02
2.922274629469649767e+02
3.204308439221721301e+02
3.245070639601164544e+02
3.121864543131115397e+02
3.189451467534896096e+02
2.830260314888245148e+02
3.313702055793679051e+02
3.183079261955623451e+02
3.348591885398224690e+02
3.170209115016315877e+02
3.505624742898307318e+02
3.534747864731972982e+02
3.387117300912663609e+02
1.772979239063182604e+02
3.416302860195448829e+02
3.179809518381518387e+02
3.173449987247673789e+02
3.317527163933283418e+02
3.139553494563901381e+02
3.434457668287932961e+02
3.404096262794170116e+02
3.494056106229839997e+02
3.525977806967997026e+02
3.073172481661902111e+02
3.649867342022415642e+02
3.258559488345994168e+02
3.541136771736079822e+02
3.380087382697928433e+02
3.390278628201099309e+02
3.129971364905410383e+02
3.237700342789073602e+02
3.154268421988577416e+02
3.379825505144930275e+02
3.124711026554757041e+02
3.213407366569496730e+02
3.070795464995206316e+02
3.157278636042656217e+02
3.203419122375830170e+02
2.895557633054885400e+02
3.253991285482238709e+02
2.959616309598948760e+02
2.750963951263586864e+02
3.028621683004477632e+02
2.229946988795253446e+02
2.881519581816024811e+02
2.478588090822180163e+02
3.272855659479917563e+02
3.162875365636371612e+02
3.106610639759765604e+02
2.938420366621020889e+02
2.935220453439230823e+02
2.939515000886125904e+02
3.144018994432913132e+02
3.013683653280307340e+02
2.772250652495447412e+02
2.838495973701726030e+02
3.310643269764815955e+02
2.976579690857154787e+02
2.959548893872295707e+02
3.214981208206546057e+02
3.029630210440421934e+02
3.179230615953289316e+02
3.244167946796236492e+02
2.866047409039763920e+02
3.039588434662813938e+02
2.972234763297117865e+02
2.728910132799191501e+02
2.898677604533245926e+02
3.134520155180979373e+02
3.040039029180885564e+02
3.179528605053711772e+02
3.058853464914248548e+02
3.080213446743659915e+02
3.036016556526220711e+02
3.072525183777652273e+02
2.993190766301122494e+02
3.103457286291460377e+02
3.050531257472574111e+02
3.129054738719789839e+02
2.920711019761507146e+02
3.064090281271785443e+02
3.155256806413706840e+02
3.082253051296167428e+02
3.048868952440607814e+02
3.120994031647921929e+02
3.231779701439408541e+02
3.133791333597084758e+02
3.219535375122479195e+02
3.052371533556657823e+02
3.112510268254719676e+02
3.240447228570546372e+02
3.040826437688571673e+02
3.172623723939823890e+02
3.012319227728619921e+02
3.120314678022477892e+02
3.151297085884853573e+02
3.057010526385633398e+02
3.102869885881487448e+02
3.126125315589992510e+02
3.245578006372859932e+02
3.078336913881749410e+02
3.119532318819647116e+02
2.999615641176719123e+02
3.112897056284933228e+02
3.056626487274928081e+02
3.219365580211950260e+02
3.012769857136024143e+02
3.034789378746678494e+02
2.943153117218091666e+02
3.018902679531825584e+02
3.252110691295782772e+02
2.914323616374734911e+02
3.177345119996898575e+02
2.942053968594494791e+02
2.970145313050961136e+02
3.132158961288428713e+02
3.177473245939851267e+02
3.014681121815772258e+02
3.258172178689646898e+02
3.193573170681352167e+02
3.125533909846724328e+02
3.074094156633184980e+02
3.051821943314881764e+02
2.944830203320977375e+02
3.186352666936172682e+02
3.341770462858528390e+02
3.134676286330715129e+02
3.041875433544024645e+02
3.182687871109444586e+02
3.093453287481709140e+02
2.838666728819038099e+02
3.176117764174985041e+02
3.372114612006507741e+02
3.132348904153717513e+02
3.236758815856416049e+02
3.174408319701564665e+02
3.132981321751183259e+02
3.213066581293407467e+02
3.279517478656287039e+02
3.066171994947864050e+02
3.342701794697740070e+02
3.032936567132097139e+02
2.748055046451007115e+02
3.252170645288674677e+02
3.211745924889971775e+02
3.266250992503829025e+02
3.178791150251387876e+02
3.218473833087493858e+02
2.995713623404168970e+02
2.963287477436849144e+02
3.269862834584502593e+02
3.059743822323201243e+02
3.360635885642236076e+02
3.440926603736546667e+02
3.070753189284223481e+02
3.213476203658387362e+02
3.067660294409843118e+02
3.003810356884534372e+02
3.060350065877050270e+02
3.191912234760652041e+02
3.432041804725009797e+02
3.146416489181876273e+02
3.122100847928401208e+02
3.006182832338564594e+02
3.238716111888757609e+02
3.123931808958665783e+02
2.988171259045801094e+02
2.981346390684133212e+02
3.126382362931976218e+02
3.142250492377700084e+02
3.063748556859940777e+02
2.726571787310186892e+02
3.239002404369375085e+02
3.169241050048626107e+02
3.124379898123877410e+02
3.005355060265562770e+02
3.102594906647361768e+02
2.979429522903432144e+02
2.725586801955431042e+02
2.980464238238956796e+02
3.012376563358024555e+02
2.927076961564333146e+02
2.958738244581340382e+02
2.815900138640096770e+02
2.960401261165860660e+02
2.875613091814021800e+02
3.086371546657655358e+02
2.888991011743625563e+02
3.306261071618826008e+02
3.353356697128457427e+02
2.875205245244416119e+02
2.725946385737188393e+02
3.196645274138936088e+02
2.990042693421047488e+02
2.700342647396564075e+02
2.990941432213725761e+02
3.162651828811316932e+02
3.044950421600431127e+02
2.712632689714334333e+02
3.046256051609677797e+02
3.261766852963128258e+02
2.910613347447580281e+02
2.890241247242939835e+02
3.188051877704581329e+02
3.055201830945401298e+02
2.749715133964125471e+02
3.097460438520727166e+02
2.943493993004072991e+02
2.725868630039172444e+02
2.617386978272007809e+02
2.782331408875708689e+02
2.843559972181412263e+02
2.536525192908686108e+02
2.984405211412386620e+02
2.884186690952794265e+02
2.641266546973863001e+02
2.923841598893641844e+02
3.153627762757617461e+02
2.788139382725054816e+02
2.701276749077723593e+02
2.744301773786541503e+02
2.462015184423936773e+02
3.118769383498806747e+02
3.107773766949410970e+02
2.702318661898469259e+02
2.921686622308604910e+02
2.614127148747962224e+02
2.839944879136454006e+02
2.797211272093773005e+02
2.802202110550918519e+02
2.807184641018409366e+02
2.721622160411222353e+02
2.774809526732316272e+02
2.738571860094664885e+02
2.991076627550751823e+02
2.606517538364632287e+02
2.730955909962920032e+02
2.498102835805285622e+02
2.955525231597031848e+02
2.734859780830427098e+02
2.959225579712197032e+02
2.674875993240153207e+02
2.853778144460950443e+02
2.838770313769423979e+02
2.794530697255756877e+02
2.939491280319057864e+02
2.679213441604579202e+02
2.704201836212965304e+02
2.783278736596706153e+02
2.811203499846340605e+02
2.884367779230173596e+02
3.022829056257414777e+02
3.227871062955387060e+02
2.991241759157624642e+02
2.700747424316094225e+02
3.003939365333816340e+02
2.893866822953161204e+02
2.847689411079859383e+02
2.598367977537952243e+02
2.858185861002990578e+02
2.935309572999532861e+02
2.984107801947677672e+02
3.231294979612920315e+02
3.247402053291569928e+02
3.252082220365245462e+02
2.737954607503270381e+02
3.064570655494115954e+02
3.167046566275245709e+02
2.923942660221602523e+02
3.074431448550262189e+02
3.020956560598805822e+02
3.042113809354059413e+02
2.955100677379808758e+02
2.962700694121033962e+02
3.018050777491329200e+02
2.988091647313363524e+02
3.120824165415030507e+02
2.937684463437077511e+02
3.001935090459649018e+02
3.103521703793883830e+02
3.135355235952819157e+02
3.034799025430456254e+02
3.144387948115546578e+02
2.852931910067210879e+02
3.110138001412942685e+02
2.918150788180669224e+02
2.995033862810834080e+02
3.021410915499802741e+02
2.980931742075055695e+02
2.959679761378154126e+02
2.878187557689377627e+02
2.921509647579333659e+02
3.061562182668718606e+02
2.920491116771013935e+02
3.023362953907717383e+02
3.074664594890221565e+02
3.052908145447916013e+02
3.078775854592874452e+02
3.145822761054622561e+02
2.698865767530659809e+02
3.021956853152532858e+02
2.956979815298510630e+02
2.785893184326196206e+02
2.910883737480201603e+02
2.983778147192502956e+02
2.964626694371783060e+02
3.120238868184597436e+02
2.739465417674456376e+02
2.927952358208430610e+02
2.961401037278946546e+02
3.059526702577603601e+02
3.119965742239515407e+02
3.215112304843561333e+02
2.939020520941327845e+02
2.939018915246222718e+02
2.976503302465797560e+02
3.130683213399390752e+02
3.068907457168282917e+02
3.211516237408461052e+02
3.158511098272860522e+02
3.189477623808932094e+02
3.047739361062256194e+02
2.976050148146886727e+02
3.103565914850146896e+02
3.151110173017936518e+02
3.132149139805052869e+02
3.151530254921312348e+02
2.922201510415810617e+02
2.992203055048875058e+02
3.242595132023031397e+02
3.296650850966298094e+02
3.042108922252797356e+02
2.950796672282496047e+02
3.314175267903331701e+02
3.129106315813560855e+02
3.232639862373288793e+02
3.146438685572138070e+02
3.241323354871474862e+02
2.858121737185064717e+02
3.146110452777382989e+02
3.199623056262680620e+02
3.055775902874281087e+02
3.115091015635953227e+02
3.090634981097654190e+02
3.247400106408549618e+02
3.397671030884068841e+02
3.124459751590100041e+02
3.129832576456413449e+02
3.239157661592998920e+02
3.255188906131095337e+02
3.230854799097394903e+02
3.136700371769173330e+02
3.181779115195623717e+02
3.271471509086176184e+02
3.066901507398248441e+02
3.106993566338024948e+02
3.242551014321440448e+02
3.155830645677354482e+02
3.252056899108081893e+02
2.921200450635593597e+02
3.084740563656542918e+02
3.131330573382691682e+02
3.106699506065382366e+02
3.146763339390303713e+02
3.031231995955537855e+02
3.179485703616992396e+02
3.201591444891009246e+02
3.152072391068838897e+02
3.317609228452730576e+02
3.119139254169124911e+02
3.302108565695868947e+02
3.333510298915456929e+02
2.955398845396110801e+02
3.539059313644488611e+02
3.257487565794910438e+02
3.256297998363709212e+02
2.954140981860834358e+02
3.023609425484222015e+02
3.175463911993735451e+02
3.136371528243493003e+02
3.126092712149939530e+02
3.084017971345836600e+02
3.050753453795211385e+02
3.162951532923696618e+02
3.182877597885054115e+02
2.982346084931606356e+02
3.212712349254861124e+02
3.038416732520009873e+02
2.964649483846981184e+02
3.202879309768371172e+02
3.091270814931168616e+02
3.233492765147709065e+02
3.055820045166881869e+02
3.097296074504415628e+02
3.130088604475769785e+02
3.224933132814924761e+02
2.917811358813793277e+02
2.945899464143503224e+02
2.717507807902003947e+02
3.075492795423062944e+02
3.126624932595505015e+02
3.011185064765445532e+02
3.215709257517981428e+02
5.944687781291622031e+01
6.721383996096356839e+01
3.210073794891293346e+02
3.144960797187287653e+02
3.164576449461646348e+02
5.625699616163509376e+01
2.922311628154181449e+02
3.165178027957567792e+02
3.171308435812807147e+02
3.153471959470108459e+02
3.139260559346720356e+02
3.317223500461632852e+02
2.883976995273662283e+02
2.989264386509755695e+02
3.334706822933738977e+02
2.866228011306544659e+02
3.126463797767838741e+02
3.031369554939844306e+02
3.191273289137524785e+02
3.066929549453395794e+02
3.183865717617224504e+02
3.090469754608852782e+02
2.952770461663940296e+02
3.064176831012838988e+02
3.086874221651280550e+02
3.284694415464583130e+02
3.134872659004371940e+02
3.147685505428682973e+02
3.053700235999892243e+02
3.317505907979281687e+02
3.159175342522200935e+02
3.082927016525457020e+02
3.164821696624806009e+02
3.241039715455975170e+02
2.958663996448901230e+02
3.060795736966746290e+02
3.280341870440658454e+02
3.076932093726483117e+02
2.828846334820597122e+02
3.141220803731404771e+02
3.105664556618039569e+02
3.297354203068132961e+02
3.163548051646678232e+02
3.173585791337272894e+02
3.258903317145708911e+02
3.293370658875145978e+02
3.161096953605141380e+02
3.208923999902630158e+02
3.030604427838487140e+02
3.150419374477074257e+02
3.138478649938081162e+02
3.175099589864371978e+02
3.223169619458432180e+02
3.161413620588754156e+02
3.098373613311438248e+02
3.204792468937599210e+02
3.075984016490050408e+02
3.022459960463532980e+02
2.978297959068967202e+02
3.170841152393047082e+02
2.966235205482925039e+02
2.935205304280503356e+02
2.985970348679762196e+02
3.203728042497152160e+02
3.078848338756596945e+02
3.135640027945493671e+02
3.011232360605233680e+02
3.073933330425671215e+02
3.263955766181208560e+02
3.229969026327040069e+02
3.058808520749285549e+02
3.236470801627187939e+02
3.105616671019935211e+02
3.181690571944235444e+02
2.809594457717215619e+02
3.090483183454408049e+02
3.065666780270145750e+02
2.909574855325572003e+02
3.239790550474642714e+02
3.091642637529415083e+02
3.193622119603998613e+02
2.072578007605355594e+02
3.061468584047023000e+02
3.225918877187684757e+02
3.144902147254530860e+02
3.282575787312402440e+02
2.858856769750840385e+02
3.100775276382162815e+02
3.002083984860233841e+02
3.057458292691742372e+02
3.173405073021299927e+02
2.867469140799036609e+02
3.123383188205933720e+02
3.159399868339835393e+02
3.231037833905496655e+02
3.227592741959326759e+02
3.078599475662728082e+02
3.170079957847973446e+02
2.790567065692287656e+02
3.114747014302471371e+02
3.164778518936479941e+02
2.817553624834144443e+02
2.810007154703557148e+02
3.097962896930768011e+02
3.043574528409803861e+02
3.193278480132497634e+02
2.999359347957320665e+02
3.112044133174890135e+02
3.107732811896844396e+02
2.804282721338655620e+02
3.066420487705154869e+02
3.098079010963444375e+02
3.152702718844699348e+02
3.101324124850559656e+02
3.264966785637292901e+02
3.110938675914650844e+02
2.991251778524551810e+02
3.176340070161604103e+02
3.144071805996223929e+02
3.275624107204653228e+02
3.007716919650412137e+02
2.885036888572174121e+02
2.961011360313846694e+02
3.082258924012799639e+02
2.842246698881538691e+02
3.055666567172415853e+02
2.796440785215360734e+02
3.030145354235404511e+02
3.124518111832649652e+02
3.008614499564380935e+02
3.200360748804200171e+02
3.076214513410185987e+02
3.057449276155626876e+02
3.105093347082598711e+02
3.112522303547068532e+02
3.114232606209977234e+02
2.855109197044783969e+02
3.157818955676460746e+02
2.841176663112281631e+02
3.124814444212976809e+02
3.004636853889179520e+02
3.101154592189760706e+02
2.964511457534274541e+02
2.905112499794322503e+02
2.908881764727038330e+02
3.144060712576339256e+02
3.048763975592604538e+02
2.707771429965914649e+02
3.083964086520562660e+02
3.032390910476102590e+02
2.928113724800871864e+02
2.817489174055863828e+02
2.040954869606965758e+02
3.067856655233013612e+02
3.394016755358090336e+02
3.161013424591845364e+02
3.097029615129121680e+02
3.197389722382194464e+02
2.932192588209628639e+02
3.162228398617032212e+02
2.994809120015882513e+02
2.524202052925848818e+02
3.069269239509594058e+02
2.787069407604839739e+02
3.083939677222235787e+02
3.043784417749922682e+02
3.045956523464336101e+02
3.019931403514274280e+02
3.066751403365765327e+02
3.181865732192385963e+02
2.647620406888770503e+02
3.142241767201195444e+02
2.933995078081437100e+02
3.067862303528643793e+02
2.710084717239252541e+02
2.934867448406873791e+02
2.939601262033708622e+02
2.871199919626867541e+02
3.068386979940926835e+02
3.185228568031680538e+02
3.126911767885796394e+02
3.048248227938519221e+02
3.011413746313260162e+02
2.998838367735847896e+02
2.978457285421866345e+02
3.171598676607889047e+02
2.868335771957948737e+02
3.030050346027081218e+02
2.980250280101910221e+02
2.809125406657633448e+02
2.970036396667482563e+02
2.882128038332708115e+02
3.095133039066066090e+02
3.054188589604691515e+02
3.167366980060683659e+02
3.195033788525427667e+02
2.736352214947639254e+02
3.161804916648392805e+02
3.030024866698470305e+02
3.244806153290183488e+02
3.045095271787573097e+02
2.738069480335555568e+02
3.074696577291068138e+02
2.728749421752657440e+02
2.914778495012797066e+02
3.084416013858195242e+02
2.827761941638908638e+02
3.000277880641815500e+02
2.762268369919021893e+02
