6.858449858533161247e+00
5.181565331913138550e+01
1.211861746178094457e+01
1.065374759244388336e+01
8.384043019955786491e+00
3.044028456054197918e+00
1.237826903645007981e+01
1.020685477762837579e+01
7.694112322893117195e+00
1.051054702287968645e+01
2.217586704217693594e+01
9.452802182449486779e+00
9.323486578938153357e+00
1.561072134720190085e+01
1.771844162153935542e+01
9.028926028016481808e+00
1.300184652600548141e+01
1.319112074587328642e+01
1.051439077012804724e+01
1.703642808717149038e+01
1.235741655909873593e+01
7.477310062371533661e+01
1.786171619274309208e+01
1.213952996040634424e+01
1.123318303074307245e+01
2.064069668918513401e+01
3.284509858978510977e+01
1.555491756847818507e+01
1.401714298871392117e+01
9.481011657471471565e+00
2.839821944843950519e+01
1.166226201436846388e+01
3.989942021538761452e+01
3.303291189264979977e+01
2.203783754092105696e+01
3.980673901106644053e+01
7.519184135758236742e+00
1.827706537834388811e+01
1.620802810906744540e+01
1.543249334487414615e+01
6.471329621558940914e+01
1.996787636195764648e+01
1.150236240908554919e+01
2.476087492489030950e+01
6.207896788728348980e+01
1.657124475794594787e+01
1.762057983038569375e+01
5.278956086882394771e+01
1.544419923968520258e+01
1.589618937747177654e+02
1.830164748489665669e+02
2.288972131237771634e+01
2.318855552786564829e+02
6.732426789996276284e+01
9.675421365246195649e+01
1.870357914426787431e+02
1.620526424514263226e+02
1.838875959494064602e+02
1.500563755897868816e+02
2.826415185885909978e+02
2.393168956921174981e+02
2.770535974497514076e+02
2.766279819557732935e+02
1.729754056118927110e+02
2.377350190521343336e+02
1.868077646685469801e+02
2.641436475655883100e+02
2.554739425144753966e+02
2.361376792121305357e+02
2.496897271420734228e+02
2.612653632621908173e+02
2.528582101149547441e+02
2.697681446571963875e+02
2.278050148284982299e+02
2.643044686885598367e+02
2.451823230092661845e+02
2.298742228120142670e+02
2.522495629959992414e+02
2.354654801372627162e+02
2.369651607080740234e+02
2.342657789371772594e+02
2.288466039843692670e+02
2.530396169167398455e+02
2.209513570070706976e+02
2.481830692362017032e+02
2.249716582070635127e+02
2.425581707001706206e+02
2.269432429092503867e+02
2.137801338007566017e+02
2.340471185049666474e+02
2.248809082554081442e+02
2.261794281325863665e+02
2.262665312155527886e+02
2.395943454964460102e+02
2.321353550413205653e+02
2.266842651274016021e+02
2.158778076923869946e+02
2.233519688414814652e+02
2.461386767285223698e+02
2.207103737809861457e+02
2.213450979829956395e+02
2.279725471522014288e+02
2.339968927551631452e+02
2.683126594859905936e+02
2.289135928708623453e+02
2.355871084275290457e+02
2.312423307266882944e+02
2.214461487117074228e+02
2.182610309612596495e+02
2.281696354731193424e+02
2.390793945658504356e+02
2.576860435933361941e+02
2.169944403495276504e+02
2.351727667566347009e+02
2.842988371762536985e+02
2.404879516138909139e+02
2.335430044179701099e+02
2.545532921607226342e+02
2.350673502197268760e+02
2.570955821934681467e+02
2.435279862305264089e+02
2.291096457748606667e+02
2.522990087332100302e+02
2.346835631854188193e+02
2.418477048031575691e+02
2.376626432724314668e+02
2.420044317330743127e+02
2.438312472424874500e+02
2.452070191532767183e+02
2.487438061993768770e+02
2.335361017517943765e+02
2.256632159663751906e+02
2.357526429630785287e+02
2.275440733587134901e+02
2.387766230308619129e+02
2.410981848388671551e+02
2.425664562906147523e+02
2.338588737894960161e+02
2.410611803061509590e+02
2.276845310325697653e+02
2.416948958337357851e+02
2.330583739984009526e+02
2.884092100190892438e+02
2.310884537315139369e+02
2.323605418330741372e+02
2.433032829419315988e+02
2.575650387091656057e+02
2.370427597619971323e+02
2.309336119424251592e+02
2.419371321334899108e+02
2.460897084951889155e+02
2.339248376542950325e+02
2.182917501627935906e+02
2.171224633126363130e+02
2.706601902749333135e+02
2.653552012234754329e+02
2.401538660031791039e+02
2.747018119351633914e+02
2.836320483427737145e+02
2.030659240057639465e+02
2.733788796550967390e+02
3.054341950878853140e+02
2.451607817626791359e+02
2.669584573994412153e+02
2.817716826612286241e+02
2.677704733318080912e+02
6.282032184761500559e+01
2.768231742894216723e+02
2.513672477042092055e+02
2.605477572665763546e+02
2.738762066863578752e+02
2.958990658669792992e+02
2.678953490728332554e+02
2.798828849570101056e+02
2.511446572294740349e+02
2.622646400631864481e+02
2.618236805680718930e+02
2.501027454958860687e+02
3.050482995444421590e+02
2.510251388709333753e+02
1.941244779822716566e+02
2.559696175152525655e+02
2.741225136583407789e+02
2.689544176320946463e+02
2.574881503753750280e+02
2.757341144560466546e+02
2.888110902903069359e+02
2.480951247783735312e+02
2.848592586930339507e+02
2.465659702556779393e+02
2.662660884415344071e+02
2.753042237936992933e+02
2.502436260260812446e+02
2.662325405857575333e+02
2.732219545559976837e+02
2.863486837913096110e+02
2.967909334858487682e+02
2.726519232011316944e+02
3.060743586194676027e+02
1.727093048274842886e+02
2.770520329445441234e+02
2.699909265515305492e+02
2.631619756084732558e+02
3.000359730498635145e+02
2.750564678918666459e+02
2.003688616586663045e+02
2.835785094775549737e+02
2.874351063613236761e+02
2.664650023217122339e+02
2.568236151691364739e+02
2.821230102545853242e+02
2.774817445901935571e+02
3.211551404674236778e+02
2.859975800752802115e+02
3.019143106937782477e+02
3.070602449003213792e+02
2.840676469468124878e+02
3.262236836921337044e+02
3.009760128025513950e+02
3.273516259630653167e+02
3.041366353523669659e+02
3.185747216767612713e+02
3.134393410442253298e+02
3.073233622844647925e+02
3.388437849108469209e+02
3.147079391075724857e+02
3.382086167125205520e+02
3.201247791659598079e+02
3.322590367537649172e+02
3.193764585744041256e+02
3.247624860100563069e+02
2.868765188703379749e+02
2.889636597078613818e+02
2.968709787962442306e+02
3.266295506176602430e+02
3.250942258997087606e+02
2.976653625955526650e+02
4.302726005026015059e+02
3.361106335343927185e+02
3.846234868138345746e+02
3.878672743478238658e+02
4.035594790508285428e+02
3.558674662000522062e+02
3.179281687096803353e+02
3.142181481730403902e+02
2.998333630050010470e+02
2.882729479444971616e+02
5.283434204443142335e+02
3.944770301470132381e+02
4.548006019627447927e+02
1.237977768104990588e+02
9.901595652113917367e+01
4.457788209956681840e+02
5.234296589461979465e+02
6.580523758852274341e+01
8.059359977884876116e+02
3.903945326343159650e+02
7.635923772497104665e+02
4.567956573511393117e+02
3.016964779165359687e+02
5.483158063281014165e+02
5.408450877611563783e+02
5.987699414755760472e+02
5.467461365137899065e+02
5.151373660561745282e+02
5.423938997841556784e+02
4.082228704424423995e+02
4.000418257644025175e+02
4.064788998311631758e+02
2.894449655957634491e+02
3.032554303235848465e+02
3.297769431740244954e+02
4.939032567874384085e+02
5.628874609240677955e+02
4.106041790488909555e+02
1.323910566337510488e+02
4.707792585638782725e+02
3.814956161085768827e+02
2.892776942978040893e+02
3.200722146757593123e+02
3.549660543020943351e+02
2.900559831356001155e+02
3.206926312867348656e+02
3.576346822233006151e+02
3.206288245435783892e+02
5.400238561680407656e+02
3.341421896901572381e+02
4.141814180105894820e+02
3.167459040603091580e+02
3.432528141572197455e+02
2.837255535296864082e+02
3.872156296622233072e+02
3.332852165448158530e+02
3.384489878889529564e+02
3.165014095284153655e+02
2.787792301945218014e+02
2.991561393626352583e+02
3.202865531604094258e+02
2.747245635848451570e+02
2.943455071862004502e+02
3.192451141244861788e+02
3.356653584577947527e+02
4.783459503329611948e+02
3.123275401897577126e+02
4.027887812083317840e+02
3.203114600095582887e+02
3.040421855279515739e+02
3.119433529211831910e+02
4.837079558424371157e+02
2.918623609771823340e+02
2.919473671500212504e+02
3.321238376944255037e+02
3.863563260450609960e+02
2.823860016014365328e+02
3.314662561699398111e+02
3.057800484946583879e+02
3.684805410791631175e+02
3.571331281362596428e+02
6.076389114809767023e+01
3.415366756793489458e+02
3.644253278258539126e+02
5.696690784765219178e+02
3.583280877589087936e+02
3.030147705252590526e+02
3.735414237553767407e+02
3.332068286483746533e+02
4.281222061314041980e+02
3.085213459513076941e+02
1.166985009355901610e+02
1.029934681269035792e+02
4.766238388041993090e+01
3.503045451062840812e+02
4.396051214328797414e+02
3.159087305181315628e+02
3.470376632203136751e+02
4.185024587691970055e+02
9.059129164506450138e+01
4.977520299225198528e+02
4.303364008900163640e+02
3.990280953703050955e+02
5.282719322892113496e+02
4.549985305993037059e+02
1.127735355564572615e+02
4.371986485442943717e+02
5.774069086200387346e+02
4.864460212578093774e+02
1.837848268742375240e+02
5.040489122502908117e+02
4.375637659951484011e+02
1.098595137579128362e+02
3.992989174248937729e+02
3.991074725981267761e+02
3.398998036263170661e+02
3.994801921287474897e+02
5.177763442598467236e+02
4.852304186379680573e+02
3.559510785235222556e+02
4.010201726245765599e+02
3.516902264673284435e+02
4.567828693921394461e+02
1.830362259815124730e+02
4.616049359962168523e+02
1.063744256455440649e+02
1.103116765192473565e+02
5.185088519179776085e+02
5.102256011168393002e+02
4.911814260910685448e+02
4.955354674318091384e+02
5.375797446603360186e+02
4.527550792564911148e+02
5.594763973780007973e+02
4.269985826230494581e+02
4.589728136906952614e+02
5.247865786170166302e+02
5.269883050449691382e+02
4.898630899439559698e+02
6.221218161464638570e+02
6.149892995339570234e+02
5.826633864475777500e+02
6.044306999898512913e+02
4.503969631175789914e+02
4.977167805157607745e+02
5.206358013793103510e+02
5.583306739104911003e+02
4.846396958822508623e+02
1.370585354737574448e+02
5.624407401788904508e+02
7.352657052683715619e+02
4.949028916561233586e+02
4.268193916801151886e+02
8.179324606339768025e+02
5.814901232824918225e+02
6.136725147329158290e+02
4.842099016276145562e+02
3.535723484084039114e+02
5.401682054406908264e+02
9.461856776147253640e+02
8.900332968351939371e+02
9.678753554254712981e+02
9.180671329479653195e+02
7.032294577359505183e+02
8.669101272628256538e+02
6.979749403349334216e+02
8.687633126302117716e+02
6.097706294711033479e+02
6.223404766904067174e+02
3.695007274638722379e+02
4.610205251677497813e+02
8.293484055710204075e+02
3.731462055760423482e+02
9.735986571300636570e+02
3.010595253488802996e+02
3.286118032838671184e+02
4.641828751252983807e+02
7.533565358286717810e+02
3.800011319473209710e+02
3.323759673065627567e+02
5.696988415381490540e+02
4.691710751134429529e+02
7.227567055382684202e+02
7.246284147802798543e+02
6.106459936914875470e+02
3.979385524108914751e+02
9.802833228505649004e+02
1.015879534423422228e+03
3.402714801450338769e+02
7.201873507217674160e+02
4.923252775826189804e+02
7.360743559772691924e+02
6.541656359153266749e+02
7.876189127615965617e+02
7.089320011982712231e+02
3.513145664794719210e+02
3.483013076482139354e+02
8.039022204878441471e+02
9.254505161430462294e+02
6.194004727986135777e+02
7.246306533282903501e+02
3.633490391459021112e+02
8.143795147492687647e+02
1.141593462214360216e+03
6.289588710200300739e+02
3.053037790121659896e+02
4.140064953422616441e+02
8.139300985032266453e+02
5.547100811719320745e+02
5.108871334567890017e+02
8.836152838069916697e+02
5.915698413326545051e+02
7.057387552423410852e+02
3.714478520564080668e+02
5.131149383615461375e+02
8.307556408389054923e+02
4.611666847680479009e+02
6.883482726301572256e+02
7.376748509863253958e+02
4.217052850701317084e+02
7.278965970998556259e+02
5.059962369333219954e+02
4.622183572939141527e+02
1.027896851685249658e+03
7.118776176786528822e+02
5.158861462335819397e+02
7.295527350399407851e+02
7.218913492626257948e+02
7.094907636662857158e+02
6.912142767665861811e+02
6.873285685448627191e+02
7.283727667348001660e+02
5.159979640199767346e+02
7.537408416713100223e+02
7.095896819666403417e+02
7.336871413231303904e+02
6.183665051117162648e+02
9.142513952348494968e+02
5.236746402950313950e+02
8.822358444840098173e+02
5.788799432240717380e+01
4.792188086454013387e+02
5.412926868329724357e+02
3.538274572527431587e+02
7.453065628966919576e+02
7.211816582155069000e+02
5.468027076553560164e+02
9.449807359999324490e+02
8.211622614341193866e+02
1.104099413799285685e+03
4.282653410766960747e+02
8.092793372710182211e+02
8.754858680286921526e+02
5.102103857709725503e+02
5.404508990532783628e+02
7.406050931183002604e+02
9.071423908201521726e+02
1.025888540536758455e+03
5.260200062009263320e+02
6.082198571701595711e+02
6.326341816440468619e+02
3.641321357457279646e+02
1.125411791099194033e+03
9.731144517633056239e+02
9.461809780604376101e+02
7.347591307821020337e+02
8.177849447615345753e+02
8.881759377889787856e+02
1.227281018571328786e+03
9.466529877621297828e+02
1.948667621260471151e+03
1.285455932833703628e+03
1.996957481181594403e+03
1.068909359127891094e+03
2.318927811689747614e+03
2.346497025179025968e+03
2.251504955836800946e+03
1.691048259929945971e+03
2.282377503253415398e+03
2.278429459713978304e+03
1.408337084146840198e+03
2.138813296419511516e+03
1.418654983556790739e+03
6.400265139356250756e+02
2.385293718544787680e+03
7.363560116916046354e+02
1.857992723221488404e+03
1.348638094834617959e+03
2.358854430551466976e+03
8.748118734429884853e+02
1.687037257981519588e+03
2.239265592282925354e+03
1.619853040645712554e+03
1.621401070855401372e+02
8.288109467416933285e+02
2.343134211055973083e+03
2.238829597042064051e+03
9.628107437607502561e+02
2.187011442781283677e+03
2.225057278373910776e+03
1.114692709224289501e+03
2.429665913548493791e+03
1.926699035383220178e+02
1.009132117570996115e+03
8.166897919033974631e+02
2.276871936636211103e+03
2.398622450306997962e+03
2.347618105809710869e+03
1.723645401584070896e+03
1.046866726326942398e+03
1.898251088036123065e+03
1.213981852303017604e+03
2.510146367685270889e+03
9.957184467120079034e+02
2.415416094542162682e+03
1.276278547882890052e+03
2.479073905792734877e+03
1.677266602976469585e+03
2.352493716056939775e+03
2.479386503319658459e+03
1.699628817826313252e+03
1.258324383015692774e+03
2.162296363631790257e+02
1.074132453225511199e+03
2.354933374428375828e+03
2.458493298196226533e+03
2.434983303659976173e+03
2.514904189918320299e+03
1.407368206165413085e+03
1.513529560610406634e+03
2.523243239854879448e+03
2.401730108171322627e+03
1.748717539621434980e+03
2.472278426219745143e+03
1.185989845138499504e+03
2.488445140961454854e+03
2.018761622842324414e+03
2.256617017180850780e+03
1.943901444678795542e+03
2.156470811041800971e+03
2.058353845146252297e+03
9.121442788058064934e+02
1.014840943164426562e+03
2.585272123204867057e+03
2.788913428530785268e+02
2.335051856071543739e+02
2.005041547559658511e+03
8.342917912520676964e+02
2.480565565042814796e+03
2.578096946913480224e+03
1.654309710149364491e+03
2.406018055835126233e+03
2.385989614546204393e+03
2.283458740020156711e+03
2.340470569666128995e+03
2.455207962678056901e+03
2.178774311298832345e+03
1.097299366343919246e+03
2.362714231155182460e+03
2.535164353907295208e+03
2.493302339375673455e+03
2.414464915286177074e+03
2.572292359440171367e+03
1.359481004262581791e+03
1.192613886506087283e+03
2.125337029608350349e+03
1.893434382372492792e+03
6.205454666054662312e+02
1.142643441529433858e+03
1.040247506278934679e+03
2.044255296825054529e+03
2.666537508715178319e+03
2.490506580775848761e+03
6.180078570663185928e+02
2.629683642402124860e+03
1.652500766266328583e+03
2.498850431257003947e+03
2.500236367039189190e+03
2.579988020298263564e+03
1.406041145760558265e+03
2.340310655412261440e+03
1.178690523030547638e+03
1.843785768167113019e+03
9.632789148078013568e+02
2.574838048278840688e+03
1.633058041952401709e+03
1.509918258999455020e+03
1.312783692817217570e+03
2.521908619208879827e+03
2.664668308967468420e+03
1.423677554447325292e+03
9.440303529882976363e+02
1.599830132787394405e+03
1.576905536063163481e+03
2.575724353073440852e+03
1.145285421249425326e+03
1.335112436746680714e+03
2.658399009572948216e+03
1.979789393729396068e+02
9.449099990650986456e+02
9.578240337017817865e+02
9.134756829773012896e+02
2.636323291461447297e+03
2.536980573503177311e+03
2.202401515253114212e+03
2.492329909075590422e+03
2.546263874021789434e+03
1.527556693524746152e+03
2.564441301099556313e+03
1.133322519012638395e+03
1.535930526472163820e+03
1.606199982413760608e+03
1.168635411599258759e+03
1.601580691696688973e+03
9.136854934324306896e+02
1.195371494126622792e+03
2.651597570496795015e+03
2.578713364320252822e+03
2.392682291066886933e+02
2.469149284856695886e+03
2.467209984310004529e+03
2.701536389477705598e+03
1.096713591099271298e+03
1.164249078541919516e+03
1.135807203438232591e+03
2.189440572248268836e+03
1.322974319694113547e+03
7.949636487370438545e+02
2.802303256551997492e+03
2.685853833310795267e+02
2.685713701713583760e+03
2.814278289545345615e+03
2.041989483017459861e+03
1.012891004853440450e+03
1.010346395681405852e+03
2.837106060604817230e+03
1.566234535279090096e+03
1.874672044060669123e+03
1.272922284242724800e+03
2.607746653714571039e+03
2.639914185134520721e+03
2.673114665934343975e+03
2.701025277121464569e+03
1.552364401803280998e+03
1.372635022207432030e+03
2.137104905518237956e+03
2.881398062703193318e+03
2.520458450016965344e+03
2.787112462353319188e+03
2.867492694108071646e+03
2.830398492136358982e+03
1.899274066007041483e+03
2.872630247485364180e+03
1.448405171771824826e+03
9.718287428425499002e+02
9.193048492654525035e+02
2.778257669865792650e+03
1.572451088239297860e+03
1.872698450519740845e+03
2.761724116950735151e+03
2.679711818496187789e+03
2.725929132910164753e+03
1.341711217956600876e+03
8.201160128511725134e+02
2.797658559209674877e+03
1.881664181969191532e+03
2.715541275190112628e+03
2.754554746346771935e+03
2.701561302374534989e+03
2.867791080620667344e+03
2.214349793660524483e+03
2.911052418551927531e+03
2.842759577628618899e+03
2.798195084606172259e+03
2.723965071432210607e+03
2.827790380137458214e+03
2.109767633436403230e+03
2.816304358163249162e+03
2.876194002507497316e+03
2.192354594198608538e+03
2.778019420974739660e+03
1.149683514119845540e+03
2.562537508119484755e+03
2.224368018813336676e+03
1.874211551490542433e+03
1.792771013919006464e+03
1.845745279882704608e+03
2.688304333060970293e+03
1.906968777037579912e+03
2.746867867887025568e+03
2.816365336738735550e+03
2.544391337135322829e+03
2.781075186666855188e+03
2.732123434403235933e+03
1.681565564194552053e+03
2.640426977515702220e+03
2.605963375345494569e+03
8.676687586121756794e+02
2.763192193950068486e+03
2.748045546456175998e+03
2.762118511197056705e+03
2.729794028110070030e+03
2.684116022922511092e+03
2.825795698140711920e+03
2.570872424706556558e+03
2.739933871716888007e+03
2.679100376376268287e+03
2.663089876643046409e+03
2.655805289117497068e+03
2.793075059828880057e+03
1.773194316343625815e+03
2.800573447636954370e+03
2.744339279591146351e+03
2.607377714990488130e+03
2.749834212471047067e+03
2.726504248553794696e+03
2.019949200282077754e+03
2.717159548538802937e+03
9.186764550656389474e+02
1.345304322454527892e+03
2.896412198000026819e+03
2.831801942856760434e+03
8.738399396223175017e+02
2.595317869151455852e+03
2.794777943906458859e+03
2.702290406344797248e+03
2.586012951433923718e+03
2.394963552238576995e+03
1.818803615670007730e+03
2.794841402001970891e+03
2.792985735610216580e+03
2.872681037449954147e+03
2.877931155355327064e+03
2.832368306923186083e+03
2.876908280760348134e+03
2.411043234579892669e+03
2.035569193145778627e+03
2.561261906712476957e+03
2.801504805778962691e+03
2.627917087192308372e+03
2.794878740748019027e+03
2.697206137231823504e+03
1.190356705401971112e+03
1.941987247052749353e+03
2.679935586537909785e+03
2.800787469207005415e+03
2.144821902982333540e+03
2.807900812769668391e+03
2.764045996426766123e+03
1.738112780594195783e+03
1.494421875214924057e+03
1.910862494340149169e+03
2.843589526245060370e+03
2.702065563879778438e+03
2.766766919287576911e+03
2.809406960741031526e+03
2.780983262781760459e+03
2.675766710549120944e+03
1.715249026810883379e+03
2.775555135724260253e+03
2.818877763233826045e+03
2.625124113250153187e+03
2.830238916346028418e+03
2.788244932478693045e+03
2.763025324934920263e+03
2.731934113826993780e+03
2.790271596738146854e+03
2.821491144266418814e+03
2.706712076508364134e+03
2.685983981209324611e+03
2.764624727211493337e+03
2.845749912597488674e+03
2.766173246224712329e+03
2.902365524844921765e+03
2.815235019581790766e+03
2.905319760446691362e+03
2.905233217062224867e+03
2.918280671342408823e+03
2.677104528591766211e+03
2.805928377150268716e+03
2.815994401192874193e+03
2.703482345113852261e+03
2.725847979820875935e+03
2.403942489667302652e+03
2.764088944468577665e+03
2.883432460608215479e+03
2.856043456572344894e+03
2.887586468235930624e+03
2.882848082352342317e+03
1.352257739592401322e+03
2.850648224866843520e+03
2.799205249629106675e+03
1.285993627713225806e+03
2.812139357222887611e+03
2.787694298737248573e+03
2.861541918148489003e+03
1.178960964317196385e+03
2.904630552172198350e+03
2.761501370489787405e+03
2.781647511222466619e+03
1.395419984821115577e+03
2.802060852166150198e+03
2.905827771578617558e+03
2.701201491522855122e+03
2.801546348905230843e+03
2.029034262537354380e+03
2.667069171576314602e+03
2.756957497251511541e+03
2.892966838483755964e+03
2.915411804771902553e+03
2.823978781523803718e+03
1.918026396994379184e+03
1.606659659406146147e+03
2.820741578221592590e+03
2.860934996548870913e+03
2.866846571434618909e+03
2.785186049080424709e+03
2.900452378614516874e+03
2.700002127614519850e+03
2.677607617879363261e+03
2.742662224012038223e+03
2.782632565128149508e+03
2.615846561078377817e+03
2.808218691324926567e+03
2.718007472831633550e+03
1.534729127610487694e+03
2.814500269032138476e+03
2.859239836998477585e+03
2.822440816086979339e+03
1.741389992524960235e+03
2.279569491922267389e+03
1.641579657650979016e+03
2.821414998966920848e+03
2.849313525618095355e+03
2.831327039032494667e+03
2.905015680032491218e+03
2.728286689477013624e+03
2.777871487098082525e+03
2.877202991150237722e+03
2.740669955772677440e+03
2.790350449018898416e+03
2.735490275461135298e+03
2.084142530055514726e+03
2.843317539128800036e+03
2.890042734852193462e+03
2.817125737206127269e+03
2.567199146544659925e+03
2.770673783086968797e+03
2.703500014382042991e+03
2.757149489574855124e+03
2.847142262905986627e+03
2.849029744061751444e+03
2.833987949869103431e+03
2.775059823534457337e+03
2.795040623124952617e+03
2.737237186072313762e+03
2.895667370772336199e+03
1.367828427797105633e+03
2.904797932939470684e+03
2.778776592599108426e+03
2.532121540965092208e+03
2.762663616912623183e+03
2.883574621485789066e+03
2.791335154215531929e+03
2.952222430894305489e+03
2.881186062273271091e+03
2.903527538230941445e+03
2.912899206486409184e+03
2.994471205728335008e+03
2.929857570215859141e+03
2.082479753779012299e+03
2.963370546283825206e+03
2.797566464074810028e+03
2.905049308502550957e+03
2.551929502517915353e+03
2.895317908175487446e+03
2.863186543264301235e+03
2.840927153189419641e+03
2.852714783737500966e+03
2.842867382230317617e+03
2.785253943144051391e+03
2.843551436148828543e+03
2.883837509617366777e+03
2.822239966865807673e+03
2.837736729211720558e+03
2.844276167778770741e+03
9.472236289855657105e+02
2.817686002672833638e+03
2.883589734809240326e+03
2.931212045623258291e+03
2.838614497661703808e+03
2.833256947854773443e+03
2.822911658507793163e+03
2.787622105462832678e+03
2.886254272374069842e+03
2.899417875345106495e+03
2.924057141631491959e+03
2.822379697633876276e+03
2.118390040470791973e+03
2.626703979490962411e+03
2.927661435339089621e+03
1.747288974552388709e+03
2.906454627860516666e+03
2.841304188629367218e+03
2.894086433611619668e+03
2.823719447190786013e+03
2.881354959503578812e+03
2.862230242594153424e+03
2.914294504635955491e+03
2.808533247292185479e+03
2.932237551202233590e+03
2.897058856639294845e+03
2.931543807615280912e+03
2.928602729643953353e+03
2.944337790346046859e+03
2.902968647153866641e+03
2.858340894593950907e+03
2.938006657332951818e+03
2.938415991718090481e+03
2.855773261289832135e+03
2.939883811427364890e+03
2.938580769808182140e+03
2.921751978148236503e+03
2.899003915211723324e+03
2.848057072526359207e+03
2.824671111286802443e+03
2.918085490480275894e+03
3.009988859973197577e+03
2.897274726371076667e+03
2.958853710042663351e+03
2.967835368317413213e+03
2.909025008175009589e+03
2.969269911888965453e+03
2.821401315658928070e+03
2.946382004626650087e+03
2.886157826262010531e+03
2.932389189418338447e+03
3.009275363240282331e+03
2.895024525048161649e+03
2.977557782758427948e+03
2.944251630609006043e+03
2.984754842357169764e+03
2.961446191016666489e+03
2.908419892471551520e+03
2.946336760257975129e+03
2.994231579573934596e+03
2.907339233684188912e+03
2.838300080637710835e+03
2.977726793333441947e+03
2.937280734170312826e+03
2.973372383462809012e+03
2.901964675728425846e+03
2.997816361971837068e+03
2.945610942417256865e+03
2.789360686883103426e+03
2.943161159212493658e+03
2.951454596789825246e+03
3.017442930125515431e+03
2.965005812036995394e+03
3.012398731117245461e+03
2.991394113906097118e+03
2.989088731012214339e+03
2.897288365484554106e+03
