6.639022521540760557e+00
1.515725672840063787e+01
8.288785871253772086e+00
6.823818871698360766e+00
1.414423539180944189e+01
1.931222002612853927e+01
7.555161256071758480e+00
1.980172457468149005e+01
1.491451190240928604e+01
1.274215420744186744e+01
1.363506651362127897e+01
9.518732057852822948e+00
1.001284162963829516e+01
1.042306432874434208e+01
6.825573814406995510e+00
4.948338274344799892e+00
1.146312166935525667e+01
1.606624770968264571e+01
2.352308167984788412e+01
3.855729643962253306e+01
1.544621163827179799e+01
1.587724275598780999e+01
8.665636037144569315e+00
1.638595621399963420e+01
1.061524011720742244e+01
2.025231671322465843e+01
3.726095182336788270e+01
5.772451609762987879e+00
6.149938121278481162e+01
3.325574150553899244e+01
6.745118311327119898e+01
5.863910569582105126e+01
7.511450585032255844e+01
9.339782973107513442e+01
6.505604789870182003e+01
4.643779305374438593e+01
9.729769698905246855e+01
1.012783693855153331e+02
1.800265109531969188e+02
4.683023527624505533e+01
1.083127113355141518e+02
6.074789461339941710e+01
6.788361584261241433e+01
6.200491621230685979e+01
1.057075057858981353e+02
8.347672101306795867e+01
1.206536998937872767e+02
1.716596457752984577e+02
1.667036153802765739e+02
1.644165834062442570e+02
1.700509082526242537e+02
1.562307354790370937e+02
1.716814518530794373e+02
1.736705095863914607e+02
1.677808066799593405e+02
1.757820420253678435e+02
1.803977380170221068e+02
1.721468010705824554e+02
1.692455073998319790e+02
1.781214113774342991e+02
1.533174023876217973e+02
1.728339457807656174e+02
1.749577041132690169e+02
1.818690142852185545e+02
1.719088735874419456e+02
1.770749381768486614e+02
1.789511788532439027e+02
1.755084245234517368e+02
1.740688927941938289e+02
1.797855697943854807e+02
1.745400546716238352e+02
1.729142820016321878e+02
1.936344073954790304e+02
1.751672148080835143e+02
1.567667006513657952e+02
1.799151750586668470e+02
1.681929111172470925e+02
1.731818316942001843e+02
1.728091891783715255e+02
1.721474177942594679e+02
1.741821676321353607e+02
1.707489309508466988e+02
1.751284935750506122e+02
1.672162616137380553e+02
1.767836157882232726e+02
1.657694513400910239e+02
1.706038354004555515e+02
1.744692460776859946e+02
1.731152172555212303e+02
1.814090336780852226e+02
1.813014097149130919e+02
1.707485368409080593e+02
1.799122689647467439e+02
1.942835502330069062e+02
1.908938133154998695e+02
1.772646631749000790e+02
1.847952115841130194e+02
1.805338489787218919e+02
1.879955482530371285e+02
1.868668128739460599e+02
1.837149134946892275e+02
1.837490961004463941e+02
1.743658873699734499e+02
1.824737931371119259e+02
1.687411182822075943e+02
1.849633763436410447e+02
1.759138874560048862e+02
1.801935611648248710e+02
1.737093324618815018e+02
1.819458888479907444e+02
1.774880020202118374e+02
1.869078518682665901e+02
2.082686160941380251e+02
1.939737191653818797e+02
1.810648804508920762e+02
1.932624975246667702e+02
1.784816575211264080e+02
1.915867223501924741e+02
1.877408942310354405e+02
1.945076258974624182e+02
1.825354570853590701e+02
1.860248098517341191e+02
1.972518250976807224e+02
1.779174232128494850e+02
2.022612113229464796e+02
1.865206249030285619e+02
1.988426087632450390e+02
2.009674209024492484e+02
1.872006247170089921e+02
1.989384490416096014e+02
1.999051370138522259e+02
1.781717337921994329e+02
1.853023880794588365e+02
1.985007192145161241e+02
1.931448979025291521e+02
1.940494998101762576e+02
1.865463633519069901e+02
1.930386556054773735e+02
1.927704382200717532e+02
1.826732528119005110e+02
1.826803625214979832e+02
2.027892040209936511e+02
1.921803772781590283e+02
2.074945792682714227e+02
2.034041104963627902e+02
2.025306109235120857e+02
1.784035470345954764e+02
2.130678379187539235e+02
2.037845144096696970e+02
1.949442367852271332e+02
2.140594054824867953e+02
2.076711697569734838e+02
2.120637628132000998e+02
1.850309663339386077e+02
2.015955954124641494e+02
2.058289473893649699e+02
1.918269877567354058e+02
2.036124084411163437e+02
2.220078729019044204e+02
2.216131568662002564e+02
2.138662115398133778e+02
2.082223573023841254e+02
2.143521754491763716e+02
2.305878420584363369e+02
2.265386344047888656e+02
2.024326326569279217e+02
2.230435095044509239e+02
2.114756291839629512e+02
2.264949805282538193e+02
2.118578126794004959e+02
2.177150111268986734e+02
2.248357257911774525e+02
2.344409113716529873e+02
1.971464368731328989e+02
2.305433948506524757e+02
2.203976076243965281e+02
2.510007171297641833e+02
2.334603821928810987e+02
2.132719569737814140e+02
2.346071535527954097e+02
2.247305152994912021e+02
2.544993151221680137e+02
2.409908903618532747e+02
2.383919522854596948e+02
1.964406567078610237e+02
2.375920463814315724e+02
2.164810618155603947e+02
2.357577445043787634e+02
2.401388217716757651e+02
2.376057246487800398e+02
2.514440837757473730e+02
2.084008564269175281e+02
2.611784028286022590e+02
2.223431876219008529e+02
2.322933846485209983e+02
2.223104663069964886e+02
2.529637359158475647e+02
2.414958250885620714e+02
2.350105521469839687e+02
2.404439884195217303e+02
2.360135439903740178e+02
2.402527661265175709e+02
2.541774749597566654e+02
2.466104019829541016e+02
2.625567047845688649e+02
2.050724450206878373e+02
2.305543881392620733e+02
2.641581214336236485e+02
2.615483119927675375e+02
2.318149579517905465e+02
2.236385496251284053e+02
2.320083699307110692e+02
2.493349378688098454e+02
2.545418367583291115e+02
2.196985290954008008e+02
2.486131746873460600e+02
2.231778233112130465e+02
2.452623483407018057e+02
2.231607991455123852e+02
2.586163331293707301e+02
2.440222397183634371e+02
2.294755575162946855e+02
2.599583242050759395e+02
2.235008376102637442e+02
2.262735742852724741e+02
2.628533958537770445e+02
2.584954564222949216e+02
2.190807394775815453e+02
2.496052720187671810e+02
2.002123382178782833e+02
2.549365815865394893e+02
2.306030516122653182e+02
2.246941558634168246e+02
2.482826082211112180e+02
2.462980607810879974e+02
2.560607565963525190e+02
2.365366860484573408e+02
2.387033172400202261e+02
2.352297319147097880e+02
2.396485546065696894e+02
2.380868246068967551e+02
2.598495148783256923e+02
2.549338884523765216e+02
2.471580702120062938e+02
2.492064039439038083e+02
2.416375762120652269e+02
2.310633979534827915e+02
2.218912538717168559e+02
2.474504588860312708e+02
2.479444919148350266e+02
2.464655387977745136e+02
2.614822918977249628e+02
2.016997101857687653e+02
2.388692817078296855e+02
2.552370895255188259e+02
2.604096305884945082e+02
2.635763286869610624e+02
2.400753281153303362e+02
2.495942987456292315e+02
2.431039164736021121e+02
2.487295738172471147e+02
2.589799524279079037e+02
2.450147889501357952e+02
2.117660149878507241e+02
2.446333048935391616e+02
2.310594264301130067e+02
2.396244456828913201e+02
2.443023365421933306e+02
2.502547538712137793e+02
2.517238842867565154e+02
2.519749576958916464e+02
2.550175987523613230e+02
2.594905343883732485e+02
2.418025811482242204e+02
2.486924619848203406e+02
2.300906240358252148e+02
2.230579529212415650e+02
2.461209780905208220e+02
2.585973107816986385e+02
2.443541299507197948e+02
2.438747064541716441e+02
2.569390107322444692e+02
2.443951892050260710e+02
2.527532527922971326e+02
2.353958941507862619e+02
2.411764487909977106e+02
2.556809560938241077e+02
2.727436750546484063e+02
2.473900375948045962e+02
2.401137103787360445e+02
2.456441038367575231e+02
2.518282895941671597e+02
2.431078486869515416e+02
2.604948474247011632e+02
2.558847456768147310e+02
2.228402875288335565e+02
2.542147136556633882e+02
2.511846149542099340e+02
2.448009943581024288e+02
2.466689450692956882e+02
2.694576156196382613e+02
2.455792309629045178e+02
2.542033857576263642e+02
2.578050584313624540e+02
2.189059104263959057e+02
2.463589817732127187e+02
2.703901511259595054e+02
2.313303202492554931e+02
2.660110298806904439e+02
2.417413545648111892e+02
2.677459416406767332e+02
2.532140135586672045e+02
2.459718321521698670e+02
2.460338504369061070e+02
2.677469765754888158e+02
2.719316372831568742e+02
2.591658225627097067e+02
2.723701885446245115e+02
2.585751143888193724e+02
2.574695947007351151e+02
2.633799262348364891e+02
2.498909947039258270e+02
2.541733686393598362e+02
2.680575640385533802e+02
2.504441233308699850e+02
2.690351144771861982e+02
2.657598085734047118e+02
2.622251260401373543e+02
2.565819939711591360e+02
2.455641021548268554e+02
2.677176269533384811e+02
2.603631105129799721e+02
2.597528730658556242e+02
2.746131557294830259e+02
2.605243634920727800e+02
2.564091408843274849e+02
2.704501189776743217e+02
2.564604431703927503e+02
2.706551132834033524e+02
2.748922867663890770e+02
2.632637212163698450e+02
2.510552458588102525e+02
2.674159531894167117e+02
2.649790161452132224e+02
2.682039915640029903e+02
2.632938630855517772e+02
2.585395236484791894e+02
2.704741370486103733e+02
2.766134517624181512e+02
2.594038104969793039e+02
2.751708278966885359e+02
2.605847681666924700e+02
2.621233641705683794e+02
2.616360013703283585e+02
2.580060341791170799e+02
2.761949673260535860e+02
2.654169517762929900e+02
2.625258992896172572e+02
2.775898276234987065e+02
3.118076590158296995e+02
2.773237001664903687e+02
3.046977822128484377e+02
3.072034193416056951e+02
2.766635012957203230e+02
3.008429702846098621e+02
2.874386646446182567e+02
2.852030072498834556e+02
2.899246312669333179e+02
2.767397726209272264e+02
2.854224948961232826e+02
2.856634354767460877e+02
2.668067204572036530e+02
2.752586090499493139e+02
2.778679394409062411e+02
2.759104427199853262e+02
2.398837170937874816e+02
2.851194398764893663e+02
2.770460454529522849e+02
2.785928014001855217e+02
2.867031404975283522e+02
2.065248929590610771e+02
2.797373611746587585e+02
2.606433703568379769e+02
2.739850360151731934e+02
2.240863766069174972e+02
2.465324243168541329e+02
2.251205302034685189e+02
2.695384902063443064e+02
2.611583555749423908e+02
2.673945199070053604e+02
2.677423495400031470e+02
2.567456780502711240e+02
2.355868721007466320e+02
2.001794783808572049e+02
2.163318988251766086e+02
2.244517290624129657e+02
2.042980281181430655e+02
2.147359798147194851e+02
2.217636469384024736e+02
2.723365822042221112e+02
2.332521301231998336e+02
2.140257352194488192e+02
2.369758999220940439e+02
2.187303481318210174e+02
2.357785146759022723e+02
2.153383340695614834e+02
2.084225175001408275e+02
1.591039901441603490e+02
2.221748576170612637e+02
2.191174725161095580e+02
1.677402854976162132e+02
2.300952683684407702e+02
2.656846491173129721e+02
2.478280575512191604e+02
2.009454630550841330e+02
3.032713740378360399e+02
2.706602527390724049e+02
2.627025007881566125e+02
2.673847170274799510e+02
2.765383056767652761e+02
2.815518438052687884e+02
2.530559878572253183e+02
2.606637955131805029e+02
3.126530695136191866e+02
2.926220361756356851e+02
2.676660263244706357e+02
2.972707569081148904e+02
2.739569520758847716e+02
2.496759751077145495e+02
2.994168962457810039e+02
3.063928760356375278e+02
3.172556264136554773e+02
3.296918153902161635e+02
3.005498453918318660e+02
3.165016222066440150e+02
3.428745822791488536e+02
3.272356661920234160e+02
2.801000994085485445e+02
3.440930735922763120e+02
3.512024139759537888e+02
3.005503619267701652e+02
3.246971144189305960e+02
3.768475237157215929e+02
2.645602497187171593e+02
2.861149731220721719e+02
3.238261648217796278e+02
2.639832654936603831e+02
2.375644003878395836e+02
2.814533146931667034e+02
3.267687860714308954e+02
3.611390298472574614e+02
2.948717249251280919e+02
2.838627164124985711e+02
3.085314782437361600e+02
3.001888263634464806e+02
3.042279799458623302e+02
3.433397169340001369e+02
2.877335931220699194e+02
2.895901492572869529e+02
2.552750532214429882e+02
3.104187389236616355e+02
2.942343829655623040e+02
2.848946895687649885e+02
3.265005835610517693e+02
3.112898614302404212e+02
3.156090508017502998e+02
3.085208479299678856e+02
3.292998753596965571e+02
2.978136541709761218e+02
3.001626994117528966e+02
3.041473772805454701e+02
2.973925439817228948e+02
2.888275513399374290e+02
2.787785224662172823e+02
2.909111203326314126e+02
2.968233461861280489e+02
2.937050731930361849e+02
2.822454359404111983e+02
2.898854837731667544e+02
3.081104269412167582e+02
2.821628427746571788e+02
2.931936385390692408e+02
3.018407748228402170e+02
2.881196920974861087e+02
3.068145492079499945e+02
3.095371132086585249e+02
3.065933084944922484e+02
2.950626112205358140e+02
3.094762655998873697e+02
3.304669080266406809e+02
3.169560573325917971e+02
3.202909082703928902e+02
3.011060080196954232e+02
3.081793111772446423e+02
3.119695001715321609e+02
3.121894437548900214e+02
3.184806010674763002e+02
3.067062217520242484e+02
3.067148507304278837e+02
3.191552088807379732e+02
3.030840654001580106e+02
3.147148019675572073e+02
3.165437478104542492e+02
3.174002874402006569e+02
3.140094352966892188e+02
4.900453360652826973e+01
3.219547582475993863e+02
3.216100074852992066e+02
3.180756898167685449e+02
3.113755561152567566e+02
3.006630764338410131e+02
3.116908423261049847e+02
3.046043614817374987e+02
6.598703954916892656e+00
2.742453159339870012e+02
3.086855029464812219e+02
2.890719075700747567e+02
3.228990297290357603e+02
3.177835321948174396e+02
2.785957162898895945e+02
3.079646855457353354e+02
3.402229395593573145e+02
3.068375335438574325e+02
3.150978233929963039e+02
3.252355049961321356e+02
3.123042805426745190e+02
3.312192906639675698e+02
3.239480804961951321e+02
3.086213942232959084e+02
3.120703829267146716e+02
3.063435295034113892e+02
2.960116629190787876e+02
2.926184963703277617e+02
3.063578931107923609e+02
2.894320225112780918e+02
3.066247331442444306e+02
2.938949364718836250e+02
3.207162477030261130e+02
3.034415182153547335e+02
2.996000843188172666e+02
3.049788091734490081e+02
3.006596513002632491e+02
2.967241462094829103e+02
2.882869055199067816e+02
3.026051145689928603e+02
2.940831487809878695e+02
3.202453349849070037e+02
2.997719148622223884e+02
3.097009651663577756e+02
3.266769492573201319e+02
3.083137769794292353e+02
2.798652617159764873e+02
3.025630511188346077e+02
3.023286228138375691e+02
2.736839204265788794e+02
3.111957105176981599e+02
2.987797956356193936e+02
2.973148566715143488e+02
3.252341699751933675e+02
3.139055019922498104e+02
3.235664795211326350e+02
2.961358667474250979e+02
2.934768179216727617e+02
3.096255802712035461e+02
3.060369988764339837e+02
3.300933763003740182e+02
3.262028300822977371e+02
3.369685547343416374e+02
3.518346004396514104e+02
3.205080032290742338e+02
3.275106355714959250e+02
3.171128817670472699e+02
2.831743472974134193e+02
2.915330075800385998e+02
3.249634138033298427e+02
3.291167005154316598e+02
3.468661976917026095e+02
3.039112861931728276e+02
3.036087320544744443e+02
3.101617270832929307e+02
3.164975586936287186e+02
3.200363978335109891e+02
3.267316526349537753e+02
3.426367035104772754e+02
3.100838519338468018e+02
3.259572165624800277e+02
2.907143051934083360e+02
3.242519637978501805e+02
3.296370967597229651e+02
3.165009308304976798e+02
3.199106104374210986e+02
3.182649120167500314e+02
3.155432685290265340e+02
3.053556762964378777e+02
2.963438257451063009e+02
3.237703626545271618e+02
3.240496550351095379e+02
3.243878255253897578e+02
3.107860339490032970e+02
2.924347667613674844e+02
2.973339301785293856e+02
2.860758702585935680e+02
2.988189594075972764e+02
3.237217014674504867e+02
3.054012231099979999e+02
3.276975724724971428e+02
2.954105727393354641e+02
3.144612168312202130e+02
2.965920772905622016e+02
3.338410363901123219e+02
3.460961214605202372e+02
3.782458549993774568e+02
3.317569316545698257e+02
3.484518271800815796e+02
3.308680404776709452e+02
3.384346156571164670e+02
2.935840305039012605e+02
3.004547816489338743e+02
3.010780304955014799e+02
3.202957151223066035e+02
3.593772601698929634e+02
3.635096351650911402e+02
3.796640948391377606e+02
3.578728631631560688e+02
3.311684337116417964e+02
3.478934628111442180e+02
3.675017798823184876e+02
3.391379794849236191e+02
3.240311939747218162e+02
3.595801714744383162e+02
3.486506368813917334e+02
3.545391294797695991e+02
3.556170405170102526e+02
3.517502241954636020e+02
3.158275149709609764e+02
3.560598716372634840e+02
3.414079533248423104e+02
3.355848344008528557e+02
3.421005712024121976e+02
3.171597364218229700e+02
3.015671836468893616e+02
3.458459143590741860e+02
3.536094497042407170e+02
3.048685630599743490e+02
3.435684854633877308e+02
3.239538336733263577e+02
3.448964058928891063e+02
3.290885665591077895e+02
3.437284001287855517e+02
3.304006545000868869e+02
3.410771402057088153e+02
3.490695783308948421e+02
3.242467459755041546e+02
3.237588536932281613e+02
2.928370036307548503e+02
3.199108943749150740e+02
3.137940865895553770e+02
3.097180296676869489e+02
3.539100917326290983e+02
3.195614284257268309e+02
3.366406062938811488e+02
4.397974692810810211e+02
4.630704072841530206e+02
3.291328119042058802e+02
3.618918200304299830e+02
3.192073204988469683e+02
3.164014797009186282e+02
3.524894919098813375e+02
3.128054029637097528e+02
4.682363889537179489e+02
3.275780740330648086e+02
3.099282876068984365e+02
3.151103493858462912e+02
3.326001899686195884e+02
3.938710283641838146e+02
3.003512296956683940e+02
4.232198925554288280e+02
2.962318091589555138e+02
3.797375279106179278e+02
3.363970886782132084e+02
4.413740550135835292e+02
4.584631075992436990e+02
3.242186922180490001e+02
4.244868384373085632e+02
4.254033668679601874e+02
3.258441980922459038e+02
3.041352185853707510e+02
4.068909639652993064e+02
2.999320412000726606e+02
4.119190544941072289e+02
4.664286980117784651e+02
3.295400941436215589e+02
2.967528942212010179e+02
3.525899563481868881e+02
4.382139389980468991e+02
3.059580598408708738e+02
4.141091980395707424e+02
3.014834037360550383e+02
3.327879824187772329e+02
3.188473111836469229e+02
3.084711659318493275e+02
3.239900674511221155e+02
3.483122407988529972e+02
2.948539160389761378e+02
3.060658681624378801e+02
3.101204754114237403e+02
3.111064566215627565e+02
2.942238647691286246e+02
3.189085452635460456e+02
3.087188848376944748e+02
3.001263317481156037e+02
3.024954850586656789e+02
4.283759963483454953e+02
3.066409942884108659e+02
3.860088600340250196e+02
3.275738492255958931e+02
3.153749486149677068e+02
3.490037594825273004e+02
2.932745500272494610e+02
3.310813037723798402e+02
3.077364920194994511e+02
3.104799524785439644e+02
3.228804299307238352e+02
3.161368562319879061e+02
3.110720868420764305e+02
2.947094611203682462e+02
3.324798220383389662e+02
3.009947904259209963e+02
3.219199313107860121e+02
3.296350710708584302e+02
3.859475442755673953e+02
4.973497641815986299e+02
2.970735739028603462e+02
3.300400536123737538e+02
3.424705135260954307e+02
3.073323653793000858e+02
3.347009414492586643e+02
2.838233333545736627e+02
2.837279951494621741e+02
3.235883955324925978e+02
3.160581139527446339e+02
3.252211809292421663e+02
3.381770196869264282e+02
2.817978608536727165e+02
4.603392560972567367e+02
3.199968700558556520e+02
2.941845589333195221e+02
3.522853167090580087e+02
3.600912751070094941e+02
4.035164347907045794e+02
3.118152813884093462e+02
3.342959631729887064e+02
4.369455694452710190e+02
3.269220692286447729e+02
3.514940889633688812e+02
3.093882226776768789e+02
3.459369522995913258e+02
3.143121137191945991e+02
4.457032706523675643e+02
3.432995140064427346e+02
3.863873050652829875e+02
3.036106640293338614e+02
3.038783561249815648e+02
4.093926538771693799e+02
4.032621305934534348e+02
3.596017643382122060e+02
3.876713098686381613e+02
3.532902697810560539e+02
3.543694886619904878e+02
3.595294218976686693e+02
3.496641793989473967e+02
3.671418982753721139e+02
4.776594594792331918e+02
3.599703861580874218e+02
3.211580291722282254e+02
3.881230969093961676e+02
4.118522945426472006e+02
3.837493468157707071e+02
3.358780618077208260e+02
4.634379653526222000e+02
3.584835331266186245e+02
3.243644297144176107e+02
3.759148305492015538e+02
3.944098293992149706e+02
3.644536368972355262e+02
4.131889655595819590e+02
3.984366619306966300e+02
3.387439388803329052e+02
6.626474159027399082e+02
5.111274334304466720e+02
3.507791507147431957e+02
3.770857469603017194e+02
3.298748282124856246e+02
5.576270602775315410e+02
3.960581248403896666e+02
3.384344561811097947e+02
5.632418070872755607e+02
4.562668460115527864e+02
3.293686517886156935e+02
6.853833292150999341e+02
4.886090225348250442e+02
6.279394220512672291e+02
7.158601188460382900e+02
9.243180238538152480e+02
7.079572137790044053e+02
7.785705939054812461e+02
7.997760999029513869e+02
6.148616172665780368e+02
1.651784777959409780e+02
4.421038880817717427e+02
7.183743276432642233e+02
9.703448414466246277e+02
6.920429990916884435e+02
6.668461062224540683e+02
6.591427336362066853e+02
7.685937464129729051e+02
4.891737837722231461e+02
7.256983871252306244e+02
6.089767408788201237e+02
5.658892611573171507e+02
5.940124157646147296e+02
7.497976042040394304e+02
8.352059641937722745e+02
7.544987580126650073e+02
8.028520832832771248e+02
7.763203415215122050e+02
8.375464474303258839e+02
7.605475566111908847e+02
7.339991808740232955e+02
4.621873951624913843e+02
7.121630928279441832e+02
7.633903128383470857e+02
6.860280011556110367e+02
7.783152153722433013e+02
5.558439471592304244e+02
5.460616597355950717e+02
6.700820421950915033e+02
4.424347035546182951e+02
6.508147941291524603e+02
7.706359744463838979e+02
6.853119743794645728e+02
9.208786989081238517e+02
4.553876565448583733e+02
8.185962261986088606e+02
5.848262516159409188e+02
1.620975092194639444e+02
6.289224033587414624e+02
5.446863944172744141e+02
8.601829407890980974e+02
7.834354553372421606e+02
8.650227973631748455e+02
1.789278807916988114e+02
7.780542409376333808e+02
7.477556656425733763e+02
7.557222987536987375e+02
6.115979169391813457e+02
7.107217034563115021e+02
7.882024299455126766e+02
7.785741623964258906e+02
6.669041156595180837e+02
5.685624823179030045e+02
6.877073408002772794e+02
1.041236472414435866e+03
6.838539281040301603e+02
6.518421922563979933e+02
6.591333752905483152e+02
6.662112599541574127e+02
5.903133200261707998e+02
6.375382614975736715e+02
6.737078764984322561e+02
6.782665127153111371e+02
6.118616119624566636e+02
8.045797844305335502e+02
7.351951005602245459e+02
1.070651961792616476e+03
6.521769630849028090e+02
9.234046193289703979e+02
6.513736576873321837e+02
3.382648604847978504e+02
8.291791140664309978e+02
7.072418329569323987e+02
7.624501398106959869e+02
8.369141684842827544e+02
6.436529527481692412e+02
7.383094280247142933e+02
7.865403155931396668e+02
6.972954559472065057e+02
8.408492897361137466e+02
1.196680065625366751e+03
7.768078950498410222e+02
1.068448874705075241e+03
6.715894376644672548e+02
7.870991189749740897e+02
6.912622915928412795e+02
8.327537170606354948e+02
1.258679916160903758e+03
3.279439222730831034e+02
1.195354036082776929e+03
1.041068667422358658e+03
8.525452091646563986e+02
6.939448868796295073e+02
8.501061264205001180e+02
8.293514219647413483e+02
3.429557390833369936e+02
3.366020108999297236e+02
3.418777070378449139e+02
4.303550059520896980e+02
1.303893219695383095e+03
5.570644662236860540e+02
3.422945810768128467e+02
7.020470950345195433e+02
6.817696154570121507e+02
3.396322483276102844e+02
4.081651174780713518e+02
3.428984747483751789e+02
3.904389426433800168e+02
6.921770126538209524e+02
7.138848086150201198e+02
6.753566957015181060e+02
7.495877761353881397e+02
6.898088987910028891e+02
4.791725848508633021e+02
6.609715009094416018e+02
1.150805803683725799e+03
6.620861251467252941e+02
8.035160337672886044e+02
4.777007299677010224e+02
6.432534139258214054e+02
4.794642747305915691e+02
6.657245358778914124e+02
1.131481436784761627e+03
3.155924396108165411e+02
7.024967261297251753e+02
7.579174935645584128e+02
2.848402535561654076e+02
6.780598754455137396e+02
7.308261993256063533e+02
1.032694746147877140e+03
1.433711344536370689e+03
5.137080120569112296e+02
5.118553103638533912e+02
5.335930205329302680e+02
6.878833150831794683e+02
3.108778162189511818e+02
6.714702949540543386e+02
6.899637155424653656e+02
7.854288544178340317e+02
7.426611643365292821e+02
6.303706643603085240e+02
6.967348802831342027e+02
6.946091837980513901e+02
4.934071109634284653e+02
7.653204774016928695e+02
7.210899446994192203e+02
7.120053955683011964e+02
6.774469877858961127e+02
4.968973609218415959e+02
5.232816771960251572e+02
2.296531977124255718e+03
7.223307430131262663e+02
6.779849091108887933e+02
7.028013235214854149e+02
7.130914758713561241e+02
7.001795599369149841e+02
7.064624717695630807e+02
6.950390095265200898e+02
6.661775193821973744e+02
7.288728329874084011e+02
6.977910984034424473e+02
7.281370405955201477e+02
7.464228979759259346e+02
6.774741783052886603e+02
6.902108864711237857e+02
7.319750155297443825e+02
7.124043928743545848e+02
7.158391310481291612e+02
6.934922978974225316e+02
7.110780857558452226e+02
7.101081585255095661e+02
7.123879133645664297e+02
6.828722010410617713e+02
7.016160462112890173e+02
7.218894532960388233e+02
6.804008745081423513e+02
7.162916343603181986e+02
7.157621677407556717e+02
6.943668723766944595e+02
6.957619090571738525e+02
7.194051774528144279e+02
7.067743607245500925e+02
7.023829190954215846e+02
6.898193704314685419e+02
6.942997064853880147e+02
7.022382379454735428e+02
6.818577581110801020e+02
6.531972809065845240e+02
7.035499017062937810e+02
7.467415745086999550e+02
8.355600941259673391e+02
7.289683767145236288e+02
