7.603447336391977842e+02
7.546990502848490223e+02
8.928097545194941631e+02
8.267616310073454997e+02
7.846037559637221648e+02
8.793890464804293288e+02
7.957543470945175841e+02
7.906178301583744314e+02
9.156032397922441533e+02
9.167953189857713596e+02
9.130925300418990673e+02
9.175367116355701000e+02
9.406368403737892550e+02
9.640635637301605811e+02
9.085395868843251037e+02
9.577377894334529174e+02
9.529747174007741251e+02
9.796891134052791585e+02
8.937225583164083673e+02
9.497871283756182947e+02
9.041432819883572165e+02
9.710531182164820621e+02
9.689723143337320153e+02
1.000482796923944989e+03
1.088169385143879254e+03
1.427141724727000280e+02
8.301767766961331745e+02
1.268898141454977804e+02
9.379191850127864427e+02
9.743227378411369273e+02
1.002394896130497955e+03
1.031465273366775818e+03
9.902569405069250479e+02
9.667411006191706520e+02
8.707390837426007693e+02
9.310720356907677342e+02
8.864874644498208909e+02
1.024556821743414730e+03
9.748085203334776452e+02
1.046299182170438826e+03
9.155558738512663695e+02
4.772042740153888474e+01
9.045972729340395517e+02
8.899555413384375697e+02
8.719283772814483200e+02
1.064453791768459723e+03
9.866660855493030340e+02
1.104161553023616307e+03
1.043294475548739229e+03
5.195868469272702583e+01
1.234035330903505610e+03
7.078863338023650158e+02
1.156147966480143339e+02
4.956185966475259193e+02
8.501926645123495518e+02
8.913299766555610404e+02
6.047252191693089429e+01
6.201507774306811598e+02
1.358095750203399348e+02
9.480899197552995474e+02
2.149234721416511320e+02
5.022275051053672428e+02
7.223680393563882944e+02
3.719078824020837146e+02
2.277037510396414746e+02
4.218590177855948014e+02
2.397426814527803529e+01
1.041499281475603766e+03
8.837035801554019372e+02
5.337116956997444959e+02
1.077754804555930150e+03
3.989054335409205976e+01
3.747435905695758152e+01
9.452836644312474164e+02
1.786917712062459032e+02
4.754245860435700024e+02
1.481183771118659109e+01
6.721070699679595464e+02
2.204621519877041180e+02
1.187343775249260943e+03
3.243371629269964274e+01
2.545300234617782564e+02
2.609549045420204720e+02
2.334687285025669610e+02
7.959342768560342165e+02
1.035331457153241217e+03
1.026163540879290622e+03
3.594077050294188780e+01
3.918292338024758692e+02
1.319075794837094008e+03
5.246506171301769683e+01
1.473808447921382481e+02
3.437625038756112872e+02
9.307253696089854884e+02
9.656782904508307865e+02
1.090031823300397718e+03
6.910646291925661444e+02
6.717163823595428767e+02
9.564992484233255254e+02
9.759764681429599023e+02
3.314877269445765933e+02
1.083022817685285446e+02
2.422578018515689635e+01
8.619320743365278759e+02
4.748483009200209608e+02
4.076236178990195924e+01
1.173043933200572866e+02
8.156353394867467159e+02
6.372776783304628623e+01
8.628494410828993750e+02
7.694457956769555267e+02
1.085833281732732530e+03
1.107462893756801577e+03
1.462237386756534534e+03
1.413269850170909422e+03
3.055515986293597166e+02
1.407907750161311014e+03
7.838733559527805710e+02
2.053413030745460333e+01
1.563395183292157640e+02
4.068976043074178506e+01
3.794747831498144564e+01
3.193783260249821510e+01
1.677917783223251490e+03
2.218549869059882269e+02
1.987087467503828293e+02
2.240725965365045624e+01
9.361355148904142425e+02
2.180765207185239092e+02
2.367526111591912752e+01
5.636016285508426904e+01
1.328568287663367300e+03
1.486526191018159579e+03
1.453882618533434879e+03
1.207179294435482007e+03
1.384193867637275616e+03
1.532833692592142370e+03
1.682377591340023400e+03
1.246832902171143132e+03
3.406141162496102197e+02
2.369952713462397469e+02
2.254447177208268840e+03
2.637590360346476359e+02
7.975947221751903271e+01
1.960878504632518116e+03
1.161528988990490689e+03
1.262329448304955804e+03
2.090246225389137180e+03
3.110293151614690714e+02
1.362189136421495164e+02
1.110075860251943368e+03
2.348667981106647403e+03
4.492796372137365779e+02
1.337675483636600575e+03
2.363359587414335692e+03
8.849209549986246657e+02
1.369296794049099844e+03
6.155306731757142416e+02
3.143891019881393163e+02
1.023393062984241510e+03
1.905382955992876305e+03
2.023915839516192818e+03
1.259040858422410111e+03
9.423905931908967659e+02
1.855343944255474753e+03
1.357547401610415591e+03
7.348143138085222290e+02
2.276783155438486119e+03
1.436114894008487909e+03
2.313446266747993377e+03
2.365182573662039431e+03
1.542759767659687441e+03
2.500904453210646352e+03
1.620171625056336097e+03
1.957610568675645709e+03
1.151673066606648263e+03
1.595656874534186727e+03
2.071248972038177271e+03
9.103218961442105410e+02
9.489468721430206415e+02
9.340821039961490442e+02
2.704379291561629543e+03
1.574946134721967383e+03
1.692363380731010466e+03
2.750562962459809114e+03
2.498173449571215770e+03
2.710180082605255393e+03
1.411927707296711333e+03
2.619387538156110168e+03
2.647948711686016850e+03
2.829431431339480696e+03
2.779054838288378050e+03
2.478112140942257156e+03
2.745361848562572050e+03
8.952360173410693278e+02
1.801813879304743523e+03
1.367317487236190573e+03
2.770549370224037830e+03
1.997776720211550582e+03
1.533884584345504436e+03
1.063284706962894916e+03
2.755388417395590295e+03
2.911748152679189843e+03
1.047660179072902793e+03
2.763498527105703033e+03
2.691601836010894658e+03
2.025207157161994019e+03
2.773260200899894699e+03
2.742539858480130079e+03
2.672890360008235803e+03
2.964333785461067691e+03
2.716922800327851746e+03
1.250830258302981520e+03
1.722643252016441693e+03
6.161424109370232145e+02
2.757327562263149957e+03
2.726476308451567547e+03
1.031596997256528766e+03
2.992939168294273259e+03
3.021613764264349356e+03
2.876609375474377430e+03
1.644611347157268028e+03
-2.511124484042819404e+03
-1.455301362745396716e+02
-4.913253481528768418e+01
-3.442009367723746038e+01
-2.871150085093774123e+03
-3.002326059799533553e+01
-3.998606281009434582e+01
-5.618671295612355010e+01
-9.174297205496175422e+01
-4.303167620345153921e+01
-1.472038679094903273e+02
-6.089040043828077131e+01
-3.044827696129793537e+01
-3.274443858116825368e+01
-3.039432491564740957e+01
-2.909003840752930259e+01
-1.302791622603576798e+03
-4.340372541726790701e+01
-3.015799008453142349e+01
-3.466212925594549432e+01
-3.134797440255549361e+01
-6.342641343336031667e+01
-3.559215137585202626e+01
-3.052875362539680992e+01
-3.746303938072357198e+01
-3.812219028127993425e+01
-3.615300626311262988e+01
-3.160692942797698635e+01
-3.343958374281140777e+01
-8.443559421349284833e+01
-5.978713829405931079e+01
-8.229662782565384305e+01
-4.357533508760285201e+01
-1.094414927931026682e+02
-3.580018192223774776e+01
-3.810913727216778568e+01
-2.994733259974648831e+01
-3.618951135290810583e+01
-7.177529014458454526e+01
-3.865095297068648961e+01
-3.931639105008228086e+01
-9.946368961840104816e+01
-3.700185946169982998e+01
-3.917993164320381538e+01
-2.975054009461674198e+01
-2.739700256562844061e+03
-4.234011563243240062e+01
-3.535950561411883797e+01
-3.715660312528049758e+01
-4.908016503455265678e+01
-4.810167143794333100e+01
-4.223862657918751040e+01
-4.053326982546029456e+01
-3.547173859079477154e+01
-5.450112440522712376e+01
-3.899134798763871856e+01
-3.498963593931436833e+01
-3.005725374284236295e+03
-3.002097124570388587e+03
-3.239136306952484574e+02
-3.554702433742124867e+01
-2.918807587433006034e+01
-2.321070489012690359e+03
-4.178487034664544808e+01
-7.117093361320472411e+01
-3.107694776167595592e+02
-9.908852028976805570e+01
-8.288660798861766921e+01
-2.668622210670721870e+03
-2.997269371520424556e+03
-1.606783219132791601e+03
-3.746872069461173282e+01
-2.929457850851905732e+03
-6.320575263942153299e+01
-4.891988522918924787e+01
-4.335113657461034364e+01
-7.703290323351235713e+01
-5.288838567008019709e+01
-1.040647032802067145e+02
-3.797696575275167419e+01
-1.081071413085910820e+02
-4.045634315254930158e+01
-9.547779849967113819e+01
-9.129738003205676478e+01
-2.937097395297628282e+03
-3.005840793719085923e+03
-3.002569591737159953e+03
-3.000735043003291594e+03
-2.982444887488162749e+03
-2.833698462857310005e+03
-3.003122490767346335e+03
-2.535218632543272179e+03
-4.896630496521186160e+01
-3.003408977647027768e+03
-1.857648196501181204e+01
-3.339188489943146010e+01
-5.612390980679455055e+01
-9.319816634154233270e+01
-3.987430346626018718e+01
-3.003158618931637193e+03
-3.999316169514015940e+01
-5.168694005062067731e+01
-6.803112001519644991e+01
-9.981475635426329518e+01
-3.125481227698842090e+01
-2.673943454245737072e+01
-2.936883999512846799e+01
-4.272984350636263429e+01
-1.123498413830177753e+02
-1.069445064900936586e+02
-7.637991809067189308e+01
-7.213970645605259335e+01
-3.829907781015344881e+01
-2.769454421347428053e+01
-4.042269780505063181e+01
-2.994866607519459478e+01
-9.164786681366372534e+01
-4.302911287937787677e+01
-4.718388002383652235e+01
-3.474879603248558624e+01
-2.707258839388563487e+01
-5.304570330206699680e+01
-2.844191831162711878e+03
-3.001981778943382778e+03
-1.330472224718188500e+03
-2.344350550810266043e+01
-2.179374240615590352e+01
-2.445530335781277742e+01
-9.303687740424517472e+01
-2.051377469965020239e+01
-2.072088342668664041e+01
-1.816032743522947257e+01
-2.049083762861756242e+01
-2.038480544024529806e+01
-2.223655249367799058e+01
-2.442319881314007901e+01
-1.925255419095288900e+01
-2.003028528685373999e+01
-2.622867188399732186e+01
-6.180757937028473492e+01
-3.821714029025832104e+01
-2.986502785411197891e+01
-1.739266717757223191e+01
-2.030151668394031006e+01
-2.527285460952843721e+01
-2.702846801033670232e+01
-4.227142034486612943e+01
-7.795471751177265674e+01
-1.244794900256588903e+02
-2.132117476278607882e+01
-4.486208777178862306e+01
-9.687175486648027345e+01
-2.196370244990404430e+01
-1.861834706272923157e+01
-2.046776737693139836e+01
-3.342466831108551162e+01
-2.465197132649526424e+01
-3.123785228040900108e+01
-2.225621355127816159e+01
-1.921975118861024256e+01
-2.604716841732108890e+01
-3.108232694933920115e+01
-2.159841008599380885e+01
-4.241786348944639684e+01
-1.934403270961384891e+01
-2.511608718875810808e+01
-2.239634238184931192e+01
-2.257682779347106461e+01
-2.325321784363526234e+01
-1.866671208260135018e+01
-2.093065842699074963e+01
-1.975363111520546511e+01
-1.923198438884825023e+01
-2.187465798051678334e+01
-2.819306845395228578e+01
-2.738985818846952469e+01
-2.187576997956116642e+01
-3.146641012903429058e+01
-5.027942216001110864e+01
-2.715318909716152973e+01
-2.520026510802269115e+01
-4.538020936452940646e+01
-5.327088933554164640e+01
-3.287715441021336460e+01
-1.490900596897703565e+02
-5.651355832364178866e+01
-3.833789522718005571e+01
-2.619498041241250519e+01
-3.308455795016712386e+01
-1.394837479961297433e+01
-4.675243693080479090e+01
-2.700536811935983650e+01
-1.998023771057921039e+01
-1.177919987354887610e+01
-1.669873452085447951e+01
-4.055590388750771780e+01
-2.362688413498173290e+01
-2.588090446114617293e+01
-4.308110214495471268e+01
-3.004687548655783303e+03
-2.580189308304030504e+01
-1.867428835541931420e+01
-2.999521834898412180e+03
-1.874589104678169349e+01
-2.736792572476704777e+01
-2.924879253489159936e+01
-2.985409233383616368e+01
-3.001255040819295573e+03
-8.002959928258306377e+01
-2.757198034170890821e+01
-3.003572024149794288e+03
-3.003077708397423521e+03
-1.135535131037775272e+03
-3.001541925362956590e+03
-2.160897767242364864e+01
-2.148092199542255543e+01
-2.284448001538632411e+01
-2.184156924029662505e+01
-2.189077972062231936e+01
-1.821683023824652636e+01
-3.478143340327029875e+01
-2.094079433887524644e+01
-3.894547687930892721e+01
-3.020458433015274480e+01
-1.669808241953247574e+01
-1.759303676773190972e+01
-1.962926567037930781e+01
-1.565720345527959090e+01
-1.871735896080484096e+01
-1.846842400418012531e+01
-1.802738544668181575e+01
-2.237217709305147650e+01
-1.418217672497628996e+02
-5.913295387877679588e+01
-9.945096259875164435e+01
-2.009176442130367590e+01
-2.998016266321739749e+03
-3.001375222790198677e+03
-3.004609103686889284e+03
-2.999787290807427780e+03
-3.005919546096793056e+03
-3.004405344209246778e+03
-3.002351750046630968e+03
-3.002383046043424201e+03
-3.003915206435012806e+03
-3.000645240421931703e+03
-3.002555613061713757e+03
-3.001426371559702602e+03
-3.003649142226197000e+03
-9.432911651508951536e+02
-1.672923110738206333e+03
-2.991150332418225389e+03
-2.999942179681926063e+03
-3.002370831278920832e+03
-3.001851569261445547e+03
-2.999105194793284682e+03
-2.988827858928164005e+03
-3.003074328041948320e+03
-3.000951153845291628e+03
-3.002091781517012350e+03
-3.002331362710224766e+03
-2.986466558148473268e+03
-2.996301695061065857e+03
-3.000602694687828716e+03
-3.003112268450096963e+03
-3.002984840349587103e+03
-3.012194777611116933e+03
-3.003052409211556551e+03
-3.013889029210442459e+03
-2.998786641802665599e+03
-3.005816083966585211e+03
-2.850513754158075699e+03
-2.990621151107680362e+03
-2.991848982508867721e+03
-2.987451689742667895e+03
-3.001699282851934640e+03
-3.003990153912431651e+03
-3.002341819470611426e+03
-3.000179939123611348e+03
-2.999386782377745931e+03
-2.999401745529773507e+03
-3.016407306635925579e+03
-2.996927704742553033e+03
-3.000476187709627993e+03
-2.992664689389887826e+03
-3.002445438711334191e+03
-2.135657031127211212e+03
-2.982971554502487379e+03
-2.943457699036091071e+03
-2.671012034842907724e+03
-2.884252148065477286e+03
-2.881951182155863535e+03
-2.840089136554138349e+03
-2.859703285820371548e+03
-2.944501548886685669e+03
-2.788011009785448095e+03
-2.724733924802615093e+03
-2.862796430195270204e+03
-2.647605712649205998e+03
-2.861758489234211538e+03
-2.863104143819514775e+03
-2.909532983164535381e+03
-2.990918300342365455e+03
-2.989262574792605847e+03
-2.986315349190118468e+03
-2.994086398672877294e+03
-2.993884030498482389e+03
-2.986706100193909151e+03
-2.996199256594197323e+03
-2.993261783942848979e+03
-2.996486560452435697e+03
-2.997890714957181899e+03
-2.996590557559062290e+03
-2.783665299862101165e+03
-2.749774771095385404e+03
-2.693226400036927771e+03
-2.830121676447906793e+03
-2.915830615883010978e+03
-2.987981248176270128e+03
-2.985938563742117822e+03
-3.002408421620890749e+03
-2.999208080141466780e+03
-5.697860845933545448e+01
-1.056420942846602742e+02
-2.992336576911675365e+03
-2.997970794753969130e+03
-1.377976728673126900e+03
-4.528090982210218840e+01
-3.000413767040056428e+03
-4.319539577266194641e+01
-2.991264195828024185e+03
-3.006954007248796188e+03
-2.968527170367734470e+03
-4.087748307130241443e+01
-3.000404877821416903e+03
-6.593200856042827240e+01
-3.001404842448960153e+03
-2.999978036558834447e+03
-1.189476446462319501e+02
-6.146042506840201725e+01
-3.000340342514511121e+03
-2.117079739162492729e+02
-6.808481227876329456e+01
-1.375882523916405376e+02
-7.311565282132099242e+01
-5.256425305054035135e+01
-2.991826168660123130e+03
-4.137722023335467014e+01
-3.717064657463042465e+01
-4.905195822700312647e+01
-2.976685163721592289e+03
-2.994040609782489355e+03
-1.540749073510994549e+02
-7.368701425686915627e+02
-5.173236960734153200e+01
-8.056671238856382899e+01
-2.999762962911689556e+03
-9.824430771210951718e+01
-2.553491725073700763e+03
-1.674161460887148678e+02
-1.986088680955472228e+02
-5.120307707198105618e+01
-4.036651733466442948e+01
-4.795409457352737093e+01
-2.999640623251860688e+03
-2.748131991823917360e+03
-2.432141559247466489e+01
-2.420941673208301381e+01
-2.243939502060240088e+01
-2.533603511815671482e+03
-5.135734661372761423e+01
-2.620058870112968179e+03
-3.213676129903722511e+01
-2.615372151910114098e+03
-2.742690740763985104e+03
-2.987664814303278945e+03
-1.343663658854317646e+03
-2.930480272009844157e+03
-2.999757241595136293e+03
-3.000208606887049882e+03
-3.137762873674391813e+02
-2.003064943550117505e+02
-1.643850555464419756e+02
-1.328089819599696057e+03
-4.281845721411114170e+01
-3.008025964436390041e+03
-7.005872060359585873e+01
-7.717202370261323097e+01
-1.509416323623671587e+02
-9.265380666833398493e+01
-1.221565274911567940e+02
-5.202722824695402437e+01
-2.057728792118589638e+02
-6.890860374461298932e+01
-1.039673635219241703e+02
-2.709669077995115458e+02
-5.034679471300896125e+01
-4.284430753277712256e+01
-1.840100186903931387e+02
-1.722366422837985169e+02
-2.209246391185013465e+02
-7.583103573476903136e+01
-1.400301446612777170e+02
-2.989812755548976497e+01
-7.886263022063556605e+01
-7.606036711681245777e+01
-1.677028395376397611e+02
-4.550195416444478269e+01
-9.675653184209629387e+01
-9.935648578921814078e+01
-8.672830178903890896e+01
-1.099646458859644156e+02
-3.062602955161774432e+01
-2.594909006004832719e+01
-2.189867991616626739e+02
-1.281203928283681250e+02
-4.577120846570421975e+01
-7.376674079365628245e+01
-2.023799818301973232e+02
-8.179120235112469572e+01
-2.740255385231576923e+01
-5.687557199230131033e+01
-1.136830258024083093e+02
-3.544519507578375794e+01
-1.203210609723771398e+02
-1.386220916298130987e+02
-1.681669788171323887e+01
-8.954246109785466956e+01
-4.519602741691070946e+01
-4.089897014657272223e+01
-4.264658152070610697e+01
-3.492953743525749388e+01
-8.385960872475678229e+01
-1.293917322006483062e+02
-2.563212772473291068e+01
-6.807387643348799600e+01
-7.452604567890861631e+01
-3.604262715531549333e+01
-1.761609225450536655e+02
-7.447833879424523218e+01
-9.309776490363762491e+01
-1.913577185002098076e+03
-1.960594024102773290e+02
-5.215938924068068872e+01
-1.666556384827812565e+02
-7.781625755079595308e+01
-1.964084515412331200e+01
-1.463383923945653748e+02
-9.026105657615340760e+01
-2.565154008928248430e+01
-8.545378021272468061e+01
-1.940866006263137251e+02
-6.716964345461042285e+01
-1.070983614079002990e+02
-1.774056883584055555e+01
-4.561374499682803929e+01
-2.352915097637460207e+01
-3.178528831021469969e+01
-2.208697155869241868e+01
-2.537242523029730421e+02
-1.856781706606373206e+01
-4.055582663733527227e+01
-5.667347816462766019e+01
-7.580608665068123742e+01
-1.849105343840765272e+02
-1.099540973666665593e+02
-1.762446992671083024e+02
-2.276857613283574437e+02
-7.122212007191751582e+01
-4.692355401728205777e+01
-1.058807806625859342e+02
-2.728484325897442432e+03
-4.737335834038392335e+01
-5.491427396169628139e+01
-2.877910319718506344e+03
-7.006788738454628174e+02
-4.496446233201996989e+01
-5.491736005277168431e+01
-2.377752389710704506e+02
-6.013042051093867002e+01
-9.800427971312487330e+01
-2.475475468705066930e+02
-8.838384772910028175e+01
-4.411474194406564919e+01
-7.416234646603825809e+01
-2.150297875764933906e+02
-1.501959748791154254e+02
-7.415715750462373990e+02
-1.891021771398998794e+02
-3.004544633492801609e+01
-5.838770806045805983e+01
-3.872665050676445730e+01
-8.170014263852436898e+01
-3.165709283495174020e+01
-4.187691679683406676e+01
-1.422484512412278548e+02
-1.863115605159486563e+02
-1.005735685014623044e+02
-1.929472014761519176e+02
-1.880005239539617605e+02
-1.399768772725475685e+02
-1.349562763107265653e+02
-7.039873233901569449e+01
-3.500742183841755946e+02
-4.346502558936234095e+01
-1.501440156650631934e+02
-4.117237372940367379e+01
-4.493407608180392288e+01
-2.556375210787572541e+03
-2.033773560390826844e+02
-6.210784171943348753e+01
-1.197443590623883125e+02
-1.303123833908399831e+02
-2.582936806030062371e+02
-5.586461956650040861e+01
-3.701352371879850978e+01
-1.259815400096954363e+02
-1.784972381779706154e+02
-2.157961583063220417e+02
-1.029991171706004849e+02
-1.089076323244842541e+02
-1.885649249549116462e+02
-5.910947895101774918e+01
-3.526933971894637665e+01
-2.462056723777407896e+01
-7.969750306959024044e+01
-1.500691949459299508e+02
-1.614284349920545765e+02
-7.250717878735630961e+01
-6.567179397807688019e+02
-1.176280928408115614e+02
-3.449175191221580405e+01
-4.045260247712036517e+01
-5.112197815424338643e+01
-6.293535621081562681e+01
-9.138600756673270098e+01
-1.618504001925012119e+02
-1.297408677211149950e+02
-2.083602978865958448e+02
-6.462967939873493606e+01
-4.751801914188517628e+01
-2.240883440207693411e+02
-2.138351030603034815e+02
-1.065061760012393677e+02
-3.322575859404703635e+01
-1.852324234590004721e+02
-3.552217751531878775e+01
-4.619832560735563476e+01
-2.785062746372091738e+02
-3.360015317507958912e+02
-1.551180345608564153e+02
-2.664800410341592851e+01
-7.902516477703005648e+01
-7.178540234312772839e+01
-5.677925915352285813e+01
-8.317104377873684484e+01
-1.208282851817608616e+02
-4.198158879410997883e+02
-3.497053283893511377e+01
-3.485596717782003395e+01
-2.750081041375284130e+01
-1.091017849236856421e+02
-1.356334563839891700e+02
-2.077794765466090965e+01
-1.731016487966781767e+02
-3.640152233503036996e+02
-1.285490615827104364e+02
-2.605435739032984799e+01
-5.763664930071605852e+01
-2.550262546278188580e+01
-1.803192432816705661e+02
-1.301885790562140528e+02
-1.659549866066392951e+02
-5.724586718655404383e+01
-1.935479813020462814e+02
-5.935595977079587726e+01
-1.295404145217349594e+02
-2.407096481134040289e+01
-3.822409041463218671e+01
-2.852837487073141176e+01
-1.583402978028018993e+01
-9.477475819851042615e+01
-1.707944206807961507e+01
-1.954235506752530327e+01
-2.486018007390293292e+02
-1.526207208822426651e+02
-5.435016885808325071e+01
-2.731559439507211664e+03
-1.295883195486690624e+02
-6.794704811898819230e+01
-2.657168717257899857e+02
-2.621206275127547997e+03
-2.994737074125016079e+03
-2.875055392818102064e+03
-3.147660379516211719e+02
-2.036142061535325354e+02
-5.540851892335180651e+01
-1.604125081000689477e+02
-1.807277387958141333e+02
-2.929216956684347792e+02
-3.229745334258053902e+01
-2.734239320725171183e+03
-2.752939782151740019e+03
-1.442984121361672578e+03
-9.567804575324664995e+01
-8.004064808050000579e+01
-2.989330269124755887e+03
-4.772629862434966697e+01
-1.123658980717132181e+02
-1.303711029735995908e+02
-1.536463755518465746e+02
-1.659499361366991081e+02
-2.990894804538148492e+03
-2.992547618900016005e+03
-2.048235492619332035e+03
-6.114343441882770236e+01
-7.261453721345093015e+01
-1.830663571717464322e+02
-2.959870725758074514e+03
-2.982380317920586094e+03
-2.173402856809240973e+02
-2.975934240678137030e+03
-2.255482677801074232e+01
-1.523484958972634900e+02
-2.141313435783247883e+02
-3.067328771410727200e+02
-1.571480440189598653e+02
-1.925930743551559203e+02
-1.248083713884459485e+02
-1.251812306347666208e+02
-1.558743096737245537e+02
-2.087656156093265736e+02
-1.400213805580032158e+02
-2.230814510004622662e+03
-2.998893330415829496e+03
-2.997083765846499773e+03
-2.996088961408148407e+03
-1.181182845062096476e+03
-2.989029175199672409e+03
-2.982825869948338095e+03
-2.999755148036511400e+03
-2.996584338774461230e+03
-2.995576964810336904e+03
-2.982510721201699653e+03
-2.459526888562098065e+03
-1.791799391077153416e+02
-3.174354350671348470e+02
-2.337586946598875670e+02
-2.799493425532971855e+02
-2.996709404160844770e+03
-2.300597681746470471e+02
-1.225565192382744044e+03
-2.991795899632324563e+03
-2.997196751025981030e+03
-2.998311799012687061e+03
-2.983400923806948413e+03
-2.999646772363309083e+03
-2.939883385951809942e+03
-2.997730555439227373e+03
-2.984588477654493090e+03
-2.999787537127860105e+03
-2.992547369112411616e+03
-2.990893913430268640e+03
-3.054935735586618506e+01
-2.997929791208748156e+03
-5.103500865856533153e+01
-3.422371991223132426e+01
-3.950024051333495834e+01
-6.778030938227240654e+01
-1.678519106018188154e+02
-3.003451254623454588e+03
-2.760025853261097382e+02
-2.990356385461052014e+03
-2.594257638825568435e+01
-2.997444390610986375e+03
-3.926766692017974236e+01
-7.158368419039524611e+01
-2.874860625097309367e+03
-3.065155164194920417e+03
-2.999382350859396865e+03
-2.998960715523607178e+03
-2.997705903331259833e+03
-2.998798445162474309e+03
-3.000626836187006120e+03
-2.997429834588047925e+03
-3.000211119076574960e+03
-2.999864457890767881e+03
-2.999049771244729527e+03
-2.996534957102408043e+03
-2.991965247701714816e+03
-2.981274252870728560e+03
-2.921672608143089889e+01
-2.984113929869858111e+03
-3.014097701986468564e+03
-2.998026701984676492e+03
-2.995806292520301213e+03
-2.751070247483468734e+01
-2.983066470083988406e+03
-2.980205483201385050e+03
-3.000275092364898683e+03
-2.977735312752557093e+03
-3.002692885064129314e+03
-2.989913045580824473e+03
-3.001481312298070861e+03
-2.989378942351865589e+03
-2.999590933276388114e+03
-2.999078045221282082e+03
-2.998891469329686970e+03
-3.000563453480594035e+03
-2.999920409164334160e+03
-2.999589936980344646e+03
-2.997125902732627310e+03
-3.993005396423233577e+01
-3.000094590468818751e+03
-2.998684224610728052e+03
-2.999326038841985792e+03
-2.997009893087751152e+03
-1.313922200078438323e+02
-3.000117045741140828e+03
-2.997591241631502271e+03
-2.997395238186054030e+03
-2.988136734625359622e+03
-3.000667668188190419e+03
-2.997975389879761678e+03
-2.994721713731715226e+03
-2.998328015284520006e+03
-2.993801397048116542e+03
-2.997595127135725306e+03
-2.997546713261453533e+03
-2.999021771952403469e+03
-2.998425680787282090e+03
-2.990981202953614229e+03
-2.659349797060308902e+03
-2.998534762838690312e+03
-2.995080616096761332e+03
-4.129129192802843562e+01
-2.996957660953928553e+03
-2.998524202982261158e+03
-2.999223807741649580e+03
-2.995283852194297197e+03
-2.995828044159767160e+03
-2.996379708095441401e+03
-2.991378810192518358e+03
-2.740343561225174653e+03
-2.995778507110670034e+03
-2.529680382856935466e+03
-2.658600127205920217e+03
-2.698434733175281508e+03
-2.939645673401353633e+03
-2.667680886332475893e+03
-2.793016360518767215e+03
-2.319300682152932040e+03
-2.558857963446388112e+03
-2.467795620078349202e+03
-2.800511288794412394e+03
-2.534799554087006527e+03
-2.926562610280754598e+03
-2.580523937571431816e+03
-2.881316581704345936e+03
-2.982403298903597261e+03
-2.651320815027485878e+03
-2.561830139977246745e+03
-2.965459695232780177e+03
-2.756840074304603604e+03
-2.976739156255101989e+03
-2.973410292313842547e+03
-2.758877655572144249e+03
-2.663213840920519033e+03
-2.963120516404869250e+03
-2.772557973323813712e+03
-2.710643935449352739e+03
-2.762514339075691169e+03
-2.957378679032004129e+03
-2.969629484211018735e+03
-2.752505960898192370e+03
-2.975367304845946364e+03
-2.690876158338006917e+03
-2.632577206314967043e+03
