2.591740399927797611e+01
8.830006839596943991e+00
3.816520579852067385e+01
2.344430522459540001e+01
2.659580381949655958e+01
9.923305800552141065e+00
1.041460469168813852e+01
4.046691632151994611e+01
2.301738202596287408e+01
4.811456385958066129e+00
1.456617347689372011e+01
2.966466116841226963e+01
1.511979121050847397e+01
2.361761782416575883e+01
1.778046266991683311e+01
1.107506918064585300e+01
2.988241818126867955e+01
2.266247476818216455e+01
2.074217337490303947e+01
1.309680601298625504e+02
9.085038277982784294e+00
1.086474139263283121e+02
7.857836446767018401e+01
9.114428690999282878e+01
6.869887360109315466e+01
9.074119389316615525e+01
7.725393087538482462e+01
8.007124398535393084e+01
6.505756024069182786e+01
1.003076373981947000e+02
7.745993026391614933e+01
7.284224563050949541e+01
8.437481280139517992e+01
5.494471230970849973e+01
7.393458317829399107e+01
1.917070909037957165e+02
1.998368839300638342e+02
2.075370868346822419e+02
1.486336814218881841e+02
1.834119392603170127e+02
1.741375909599180716e+02
8.293148013164604038e+01
9.494985388444283103e+01
2.062123239746668730e+02
2.497592496091169494e+02
2.507957796215360133e+02
2.283924365987491001e+02
1.073658253569563925e+02
2.667823312558230100e+02
2.923613162358092836e+02
2.845270768974955331e+02
2.973314845192322196e+02
2.696061193830008165e+02
2.225040935006456664e+02
2.887883464109810348e+02
2.762628329500387849e+02
3.250555582597446573e+02
2.914929742513529618e+02
1.602684755595835213e+02
1.568567923990069346e+02
1.784302348968560921e+02
2.464918418066705499e+02
3.185023233847161350e+02
2.937593382164203604e+02
2.966136653468012128e+02
3.120714187096426713e+02
2.808226137761813561e+02
2.827739826586706045e+02
3.053365167252003971e+02
2.771534411673857221e+02
2.851226242889688933e+02
2.989077923147771116e+02
2.816071632628639350e+02
2.864475273722123916e+02
2.914761193138170370e+02
2.824576856636163029e+02
2.950858259383433051e+02
2.799743315421789589e+02
3.031588548953245095e+02
3.075852551944885249e+02
2.804089770589839645e+02
2.872608343172828995e+02
2.986454487337611567e+02
3.090553117483223673e+02
2.965366060861025517e+02
3.261427316075802878e+02
4.326190002658515255e+01
2.928416174606617233e+02
2.927213031070765510e+02
4.407278922999297066e+01
2.866704115890171352e+02
3.088217794759235062e+02
2.899812041552252708e+02
2.954542780848389043e+02
2.458319725284444246e+02
3.037847928442473631e+02
2.917280317571858745e+02
2.884882629172847146e+02
2.796685891911755562e+02
3.354591744141928871e+02
3.188257090301069070e+02
2.944966162594043340e+02
3.072018572509502405e+02
2.952590976391251729e+02
3.178683710244135341e+02
2.922305756274302553e+02
2.831986224672988328e+02
2.654251122437977983e+02
2.845960515052539677e+02
2.769253892211119705e+02
2.797011770438868439e+02
2.907217560757529782e+02
3.118635257309794042e+02
2.955093908010462656e+02
3.008641641165166334e+02
2.922335356114834894e+02
3.055803486787626184e+02
2.860047127732704553e+02
2.866500174350243810e+02
2.906968174591948468e+02
2.818111263573308065e+02
2.720663804093960039e+02
2.895286102657579477e+02
3.073520260561672899e+02
2.787122859080487274e+02
2.726175936326191049e+02
3.050102625222652932e+02
3.070719577245113783e+02
2.691425350815877096e+02
3.130653626059374233e+02
2.956263271981683260e+02
2.869855664319136963e+02
2.719840616638065853e+02
2.850019795308584776e+02
2.894584108681233374e+02
2.828610954384242859e+02
2.790165606281041732e+02
2.770059638350301157e+02
2.773351723569739988e+02
2.826445366108310964e+02
2.861751742327289207e+02
2.894708359606003683e+02
2.855211221692837285e+02
2.572710319142021831e+02
3.238545445129566360e+02
2.910519348769811927e+02
2.817101664693117300e+02
2.727958113460200593e+02
2.858948599065928420e+02
2.731458265166890556e+02
2.917140222341043909e+02
2.847311646511423646e+02
2.680414482077190428e+02
2.627167796818139891e+02
2.649501490500301770e+02
2.590045286888211535e+02
2.655971143892255668e+02
2.699799318536194619e+02
2.779725424720051024e+02
2.825040639551418735e+02
2.549499682800048959e+02
2.611232317686414603e+02
2.552354882949573209e+02
2.567257983349961137e+02
2.582848040957837270e+02
2.533193603921860131e+02
2.504152309147038977e+02
2.739903417764349456e+02
2.575337221126771965e+02
2.644059360905771996e+02
2.728821010125803355e+02
2.495208779356087518e+02
2.873031967894876288e+02
2.375363999091638902e+02
1.579022738763727034e+02
7.604914722446814324e+00
2.228366115820034281e+02
2.792883809116805196e+02
1.686419407502262402e+02
2.612086619208158709e+02
2.770183836664143087e+02
2.498370711449421435e+02
2.347514914867214486e+02
2.613219553658925065e+02
2.529535662361465143e+02
2.748581760490860688e+02
2.863124345707953466e+02
2.831569589709500292e+02
3.103411862881733896e+02
3.047151118780553247e+02
2.806197370248158336e+02
2.288722911374796070e+02
2.139113413377131678e+02
3.105221680496372301e+02
3.157903761405046339e+02
3.158558746953597165e+02
3.177094042668889529e+02
3.030271771028099579e+02
3.042622191245745853e+02
2.511040038956273861e+02
2.914988072956323890e+02
2.988646284050199711e+02
3.032151386483103579e+02
3.139098753306720369e+02
3.196785209407044022e+02
3.071837700623499927e+02
3.320609981574868925e+02
2.914316562027424311e+02
2.793914485219028165e+02
2.745820933256906642e+02
3.011702961536500425e+02
3.285787180619976198e+02
3.278512018858584725e+02
3.517507009968381340e+02
2.991415337750764252e+02
3.373580932564042314e+02
3.608086533847344981e+02
3.636843345614237251e+02
3.768600046338295328e+02
3.529594664362857088e+02
3.573413683672198999e+02
3.526425698478623758e+02
2.396470209581774498e+02
3.864159861905030198e+02
3.466370338487682261e+02
3.424023336411349305e+02
3.314185314303675796e+02
3.567365322047967311e+02
3.514354784760469101e+02
3.436300548974010098e+02
3.507475573054421716e+02
3.548300168444176279e+02
3.439000385527794492e+02
3.376947688387253947e+02
3.524981282792591060e+02
3.812262332634887798e+02
3.494624932659550041e+02
3.615025276797258016e+02
3.934747497542293218e+02
3.418101412527829552e+02
3.304024561699923765e+02
3.902751522354522535e+02
3.482198754196175514e+02
2.956364578968870092e+02
3.804998891922327289e+02
3.329227371245260088e+02
3.787610543787694724e+02
3.366008911091185496e+02
3.563570028040720672e+02
3.832398425162351145e+02
3.376683569959041620e+02
3.403589680972875726e+02
2.833369117428361506e+02
3.333963095723970582e+02
3.156808231588497620e+02
2.866125517222408803e+02
2.939196429018081744e+02
3.057029485893628475e+02
2.676524991651337473e+02
3.076682542405404774e+02
2.844736645340792052e+02
2.833775998971707963e+02
2.507041953251805353e+02
2.755681990049505998e+02
2.460176219409514715e+02
2.472397482872962939e+02
2.060931761798292712e+02
2.712314803499742766e+02
3.000698801360140919e+02
3.046516275594004242e+02
3.072802485319840002e+02
2.321560687764585680e+02
3.266466802376131113e+02
2.690315939564802079e+02
2.904546904642223240e+02
3.536713365524398682e+02
2.603340734968521701e+02
3.136705910763170095e+02
1.620198911628839937e+02
1.624710489923689067e+02
3.114077169147574864e+02
3.056617417354698887e+02
2.786800499077835411e+02
2.649628327627288513e+02
3.500424451168373139e+02
1.553066197534988930e+02
3.196649533396698644e+02
3.314750537756391395e+02
1.659265384776551002e+02
3.645087475872254004e+02
3.053926185261113346e+02
2.897398017524561169e+02
3.651381146596198732e+02
3.550635016715636993e+02
3.542505924372481445e+02
4.414108137460369790e+02
3.710392496187938605e+02
3.922117312846798427e+02
2.764631275438756006e+02
2.812396102680959302e+02
2.735949748231882950e+02
2.690336373185555203e+02
2.959768010726030525e+02
2.676430698355236473e+02
3.108775439737103170e+02
3.354190818993464518e+02
2.515579523383717060e+02
2.834071514985320164e+02
3.051036126977704726e+02
4.363497037675594470e+01
2.674612361264898368e+02
2.694365212929407676e+02
2.510349858450799445e+02
2.869045043347129536e+02
2.745405539689414809e+02
2.747377380506094937e+02
4.043679267009503064e+02
4.368666686149383054e+02
2.827230771416887478e+02
2.964757055393261567e+02
3.223669088539027143e+02
2.894635148408959253e+02
3.107619426976568207e+02
3.029864874017547436e+02
3.548854287502832108e+02
3.366517132957716285e+02
2.940681509594588761e+02
3.341802597245835500e+02
2.912568256745111626e+02
3.265578134435016295e+02
3.145919992754749046e+02
3.071917737302597402e+02
3.046039197272583579e+02
3.600755543135446715e+02
2.953154682241918749e+02
3.601235034601768916e+02
3.125851883563747720e+02
3.175007505744276273e+02
3.208928852339007562e+02
2.947368209521171138e+02
3.083802681806864143e+02
2.879921366800853093e+02
3.022784237466742070e+02
8.771758761977812355e+02
5.500017108676576072e+02
3.109282625867454044e+02
4.651068982262509621e+02
2.968738310205442303e+02
6.288530237054646932e+02
5.747813600902582039e+02
9.243040812579389467e+02
5.581814108210825225e+02
4.518845609981073608e+02
5.446716696755540852e+02
3.003225554291274193e+02
4.248836181696967174e+02
2.094195559825013220e+02
3.079106006178699886e+02
4.889831604650878489e+02
7.096575876779030523e+02
4.774368152255615314e+02
5.030021689300494927e+02
4.723264706905990238e+02
5.340360966300642076e+02
3.982740018914640245e+02
3.505812427655134798e+02
5.689617851197592699e+02
3.698415739998345089e+02
3.759223512719754012e+02
3.689535895285360425e+02
4.506401518321798108e+02
2.949315944271954208e+02
3.985117375893258327e+02
3.004161742320244457e+02
2.774038835854346985e+02
6.472651657772261160e+02
4.645699080270257468e+02
3.644770357688831837e+02
3.646158541150746260e+02
4.861038995328223109e+02
6.750468786733295019e+02
3.608600380144914652e+02
3.160212405244725460e+02
8.193002713177762644e+02
3.544228370372202903e+02
4.558424460107401615e+02
2.566898140477948118e+02
5.960687012404038114e+02
4.114282908680285118e+02
3.802954017937665299e+02
5.137477354946183823e+02
4.548774833270776980e+02
3.683281843511034594e+02
2.646296418146422411e+02
3.907607120926558650e+02
3.849016615643484442e+02
4.222738513486823422e+02
9.820665944629381556e+02
4.396659308389504872e+02
1.459161242147303255e+03
3.192617070141488966e+02
5.832003633017120592e+02
4.963887439795872183e+02
5.725759689948232563e+02
5.579146263837078550e+02
5.163271273092836964e+02
3.390907525352735661e+02
4.640353100168255764e+02
4.830077595991185149e+02
8.061275273784694946e+02
3.293376478036456660e+02
4.533632331937460549e+02
5.126839462647152459e+02
4.972243604137237298e+02
3.541613224237256645e+02
4.001452272252521993e+02
4.316033756237827106e+02
3.095750252128613056e+02
3.153327978900168205e+02
3.475066590910219588e+02
3.172063696523006797e+02
4.576709113062677829e+02
3.344327161630549767e+02
2.652849044247099073e+02
3.721396515457049077e+02
3.923921884528322721e+02
3.015700757879928346e+02
3.639999728697432602e+02
4.063901447655244965e+02
3.684787478273481725e+02
3.527201250837869679e+02
3.452919290330355579e+02
4.266545692765577087e+02
3.467101392841113920e+02
3.892856452360235266e+02
2.893534005318783784e+02
3.349088179557827516e+02
3.589961795088601662e+02
2.957643595102689460e+02
2.658245868208022671e+02
2.905434316698587622e+02
3.321183606446934959e+02
4.304183911528942872e+02
3.700698956564194759e+02
4.299080677907765562e+02
3.505188973365701486e+02
4.770360125537040972e+02
2.940458907225506664e+02
4.202672333950511643e+02
3.999687897722965317e+02
4.406315157796659037e+02
4.534758429557280692e+02
3.949761885984251535e+02
4.662980197702682972e+02
4.609712442355236703e+02
5.082106290247950824e+02
5.029826215705763843e+02
2.303479152637063692e+02
4.660929991181669720e+02
4.927121838203860875e+02
4.036888127832363011e+02
5.197087796938011479e+02
3.600543651532656781e+02
2.999862574253270395e+02
3.174678462801080059e+02
3.178215280108809679e+02
2.794996540304069867e+02
5.424034842211158320e+02
5.151235337921472137e+02
2.868656229152861670e+02
3.541492785841819568e+02
2.298168927940861010e+02
2.792227248349066144e+02
2.781279990605134458e+02
4.828314006494370005e+02
2.877824662084557303e+02
2.714009643574195252e+02
6.313157932292655232e+02
3.243450172364507011e+02
3.195186771915188046e+02
3.265521056534490185e+02
4.021288017482095825e+02
2.909061308915524933e+02
6.168774614647061298e+02
2.618268921433600553e+02
3.696061144136349981e+02
4.160946722344663158e+02
4.184802493981659381e+02
3.717840775773882456e+02
6.324680707858730102e+02
3.043665245557436947e+02
3.476881070565788718e+02
2.958473999527361116e+02
6.416951039975330104e+02
2.198230275754827119e+02
3.453330837566434184e+02
7.095283787259517112e+02
3.852013655431943562e+02
3.038659070181773814e+02
6.677818644833314465e+02
2.771042845654985172e+02
1.040153946402105703e+03
2.652877671398115922e+02
2.245389009529821749e+02
2.496834340692850844e+02
2.443650164800235700e+02
4.078614766565411855e+02
3.949652030254227952e+02
2.885035158276124889e+02
2.921811184595583200e+02
3.714087586408398352e+02
3.700630998702213219e+02
3.182757842788520293e+02
2.837274260750017447e+02
2.907889003803127821e+02
2.857754794848027586e+02
9.055375065543297524e+02
3.609314489411364093e+02
2.471269597967691141e+02
2.942320979342117653e+02
3.491258698307583472e+02
3.357837238842604393e+02
3.385366683523436677e+02
2.415935969743181317e+02
3.074130010565374960e+02
3.229507795556708061e+02
3.609256218240030876e+02
3.251124287087149582e+02
3.517403090100995087e+02
5.486878160917838159e+02
4.012846934511613313e+02
2.392595832449372608e+02
3.407061322571323103e+02
2.435251691482074250e+02
3.389788793384395262e+02
3.097874364474051276e+02
3.596453892807174384e+02
4.704086409856007549e+02
3.333197674507273405e+02
1.086715448156989851e+03
2.582586602573072696e+02
2.942518375259996901e+02
7.288065183042647277e+02
3.090041603691043974e+02
3.827145256346505562e+02
3.740770685152712645e+02
4.741116475690807874e+02
2.429797733243403286e+02
2.602931564753912426e+02
3.928650140128831367e+02
6.986667478064557599e+02
3.426089560750620535e+02
3.227757795290805234e+02
3.389003054545162286e+02
3.723529667083262780e+02
3.649893847678071666e+02
3.330944240804967649e+02
3.258935901466524570e+02
4.091253517635781236e+02
2.401351123049186640e+02
3.916878300230807213e+02
5.928458526981677323e+02
2.601733544689647033e+02
6.927580331142050909e+02
6.929983048129183771e+02
3.473386725702874855e+02
2.196791161715162275e+02
2.421668785798444219e+02
3.314761928316631838e+02
4.462194832575818850e+02
4.911361823298802847e+02
4.328468460893997189e+02
8.198812979430576888e+02
1.304082647695553305e+03
4.388724042185377812e+02
4.530516302244045619e+02
3.133727955398539962e+02
6.325082523204474683e+02
3.405776881152575584e+02
3.119275390940427997e+02
5.000703082678718943e+02
3.741922789063794994e+02
3.743507458189322392e+02
6.967710498619707096e+02
4.089028607700834641e+02
2.589491703985353297e+02
5.921182224556999927e+02
5.445983816546103071e+02
4.811899508775106824e+02
6.024774320997345285e+02
4.736798636495307733e+02
4.911184290398217627e+02
4.069818244962796712e+02
4.751501055670460119e+02
6.725552309807761731e+02
5.501230250467534688e+02
6.369604480177750929e+02
4.856518179107767423e+02
5.369916007836063727e+02
6.389289426762362609e+02
7.028945829388227367e+02
6.382585181820062417e+02
6.108014070387303036e+02
4.973084795958145605e+02
4.624896104959729541e+02
4.848257007170139445e+02
4.197719877649086584e+02
4.960296671766086547e+02
6.840461662151250266e+02
5.858549097410910917e+02
6.478513462286313143e+02
4.219661127437024675e+02
7.192313654961038765e+02
7.115730827778116918e+02
4.809559607003059796e+02
4.194292103725646257e+02
5.410752391311525571e+02
6.571906607245514351e+02
1.213769138473006478e+03
5.735318503643503618e+02
4.837585122481285111e+02
5.896905002002577021e+02
5.048374957277841304e+02
5.056496310310183162e+02
6.592088571031027868e+02
8.000441276534323833e+02
5.325262384994930471e+02
7.276602793389748740e+02
4.853949568869842324e+02
6.966988778419973869e+02
5.256785298526514225e+02
7.138789084841931754e+02
4.924761171069994816e+02
7.932417421673142144e+02
7.292789557411285841e+02
5.067137053629304546e+02
6.097590869314489055e+02
5.773369253247011557e+02
4.782828420325751040e+02
5.600719106126233555e+02
5.196760334967075323e+02
4.965952250465855400e+02
5.402543716389521933e+02
6.805673224097433831e+02
9.210497611563920373e+02
5.121696327454862967e+02
4.697505957263430219e+02
5.226187543775486120e+02
4.793496134462125156e+02
5.964967266237023296e+02
4.786534476742265269e+02
5.787860739713457860e+02
7.999339542857254628e+02
5.207469084422671131e+02
4.584637124640274806e+02
5.510558579548601301e+02
5.693679968139740595e+02
5.524460274448425707e+02
6.489903451172036739e+02
5.279192724860973840e+02
5.149190876820017593e+02
5.790889544012311489e+02
5.042012509022714539e+02
8.108062630332991603e+02
7.000583196596694506e+02
5.594780297856815423e+02
5.038777668545845358e+02
5.011686530449806583e+02
5.332563940011008299e+02
4.524502332803179456e+02
5.685813935438521867e+02
5.409250416290523162e+02
5.473106478207261034e+02
4.974542503353447387e+02
5.490836783047884637e+02
5.230861716259063314e+02
5.011674272964926331e+02
5.216686416353645654e+02
6.997206499006122158e+02
6.270630822371131217e+02
8.083400667785658698e+02
7.786600969979573392e+02
6.083730435540936696e+02
5.995462897669044651e+02
5.223646885659156851e+02
4.780067471138635256e+02
5.836701332211590625e+02
6.018833423313318463e+02
5.381298733247881501e+02
4.927742760548251226e+02
4.917287547819946099e+02
5.780388857581168622e+02
5.227885233706118697e+02
5.079822440925149181e+02
6.069249631783026189e+02
6.718430815991119971e+02
5.660039683638289034e+02
5.175842398059151037e+02
6.418080560505205767e+02
4.823327429471770529e+02
5.437851261938832295e+02
4.052438310151895848e+02
4.803882776620091590e+02
5.983180341478231412e+02
6.593523099900812667e+02
5.379506906960277774e+02
5.046193415764163319e+02
5.431883829743845808e+02
7.621912960058408544e+02
7.888024283512208967e+02
4.846033256703406096e+02
4.815252130068562337e+02
7.189081794687597267e+02
4.374119207042411404e+02
5.757940172047241276e+02
5.502780901241576430e+02
6.750930829785462493e+02
6.352475803309680487e+02
6.088584057408364743e+02
6.381965808540568332e+02
5.548823692439838169e+02
6.166975802044307784e+02
6.348469269711911238e+02
6.463253218186033564e+02
6.839163337569607393e+02
3.248174728351925182e+02
5.993860614947622025e+02
5.251310912010224001e+02
6.407143330916707100e+02
6.350888008773398496e+02
5.172452073481922525e+02
6.257863389498977540e+02
7.356865324261771093e+02
6.909723041520672950e+02
6.122910664301153929e+02
6.678988416998125786e+02
5.834296504097706020e+02
6.897930469362075883e+02
5.761483565873670614e+02
5.990101326756654316e+02
7.949468433734086830e+02
6.308154534709686914e+02
5.060445593899444816e+02
6.396109715735107102e+02
6.075717446289356758e+02
6.327638563284825750e+02
6.204251153891444801e+02
6.935106357072864967e+02
6.781077158772945950e+02
3.176759498414367044e+02
7.162197949733321138e+02
6.934034041398300587e+02
5.975808709319666150e+02
5.614631444192756362e+02
3.996122037182438476e+02
5.974490411184464165e+02
6.985798224387384607e+02
7.510299179383399633e+02
7.267322119234861475e+02
6.239110115310693345e+02
7.126621881070657309e+02
6.080401609582206675e+02
5.897541036311628204e+02
6.080975786809756300e+02
6.335611792162509346e+02
6.343823865278340008e+02
5.432906183735553896e+02
4.969019243445424081e+02
6.913330914404413079e+02
4.720964024992438226e+02
6.761994572918662243e+02
9.493859669694434160e+02
5.671658079085473219e+02
5.957931801981472972e+02
5.862769893503166259e+02
4.918609331004806791e+02
1.039972626325741203e+03
6.560093998806472655e+02
6.363133861396620432e+02
6.750536135472177648e+02
6.866966919401298810e+02
6.957384067154866898e+02
6.563735760434415170e+02
5.802487758179786397e+02
6.938044879651640713e+02
7.775130220536818797e+02
5.345842630032886973e+02
7.548352397780100773e+02
7.105672638818614359e+02
7.466636111176674149e+02
6.899042523684917114e+02
9.307057279961261429e+02
8.236291842245866519e+02
6.527025463973930073e+02
7.168363615036967076e+02
7.125683997385301609e+02
1.960871921332446163e+03
6.321596910909934195e+02
7.223319792297098729e+02
8.061376568576546333e+02
9.561195826120120955e+02
7.641429329886623236e+02
5.681152692800012574e+02
6.991598556374646023e+02
2.242749929713636902e+03
2.434839326950798750e+03
1.114003867858065632e+03
7.960357620277781052e+02
8.082249195088304532e+02
7.925565329571214761e+02
8.021175843355364350e+02
7.561830496671722130e+02
7.663922511086583427e+02
8.052686856053852580e+02
5.495819351537058992e+02
8.529498611929803928e+02
6.407969319088165321e+02
7.843146707333944505e+02
7.238935578492993272e+02
1.838633273312390656e+03
6.772767862166293753e+02
7.416362317173042129e+02
1.440742795097594353e+03
5.760692545461159852e+02
7.656477306940232666e+02
9.200906002300841919e+02
6.877736102989365463e+02
1.507328132428192930e+03
7.852056914970805792e+02
5.301947057061095165e+02
8.091896671935869563e+02
6.756219162523541399e+02
7.562812002576889654e+02
6.551869204881321593e+02
1.002588379776907686e+03
8.043774272358368762e+02
7.774999895308131954e+02
8.358664265928395025e+02
8.209885757172729654e+02
7.601308821993909532e+02
8.188767443152589749e+02
7.735958945233733175e+02
8.820549210103695259e+02
1.190652661100824162e+03
1.728338888166337711e+03
1.394378775864937779e+03
4.235959024237014319e+02
8.903471084541376968e+02
7.417540816090972839e+02
1.194539261286903184e+03
7.788827126615079806e+02
7.033772221934285653e+02
1.630679027027315669e+03
1.895928574002375399e+03
7.879632599007686622e+02
7.205861472301703543e+02
7.675547305802150504e+02
1.053890894845837920e+03
8.045232183426682013e+02
9.418314334120212834e+02
1.011776376922732879e+03
9.208626602016287279e+02
7.265229658277884255e+02
8.152571112625967089e+02
1.074741021548887147e+03
8.630114104989555699e+02
8.012552473138234745e+02
9.806526905162310186e+02
7.323966399487148919e+02
7.678797765124575108e+02
8.345845315005851717e+02
8.651472489955499441e+02
1.734196988124051131e+03
4.922530642822816276e+02
1.050635784481417204e+03
8.155806596771925570e+02
8.380781664108642417e+02
2.527250831402735457e+03
1.292257462540898132e+03
8.108907540245513701e+02
1.011789289426902997e+03
1.188258407095178200e+03
1.646739671560138277e+03
7.223854778745730982e+02
1.734417850443503539e+03
7.484461933989257432e+02
8.081223536481566043e+02
7.691309768369724225e+02
1.409233075654204185e+03
9.832522050094050883e+02
8.118217471431538570e+02
7.515254561259808952e+02
2.279433179464679597e+03
2.073351428044908062e+03
7.865167791080245934e+02
7.222966515373102538e+02
1.310915517529867657e+03
8.042176334763908017e+02
2.803439737811404029e+03
8.200687093935669054e+02
1.132672864290317420e+03
2.925303151942538989e+03
7.725171754863532669e+02
1.271784844447444584e+03
1.451588984534724432e+03
7.358459273278741648e+02
3.015484453408595073e+03
1.113233423942715035e+03
8.296708898782201231e+02
8.804997078423126595e+02
1.020026432908829065e+03
1.093621099694521490e+03
3.029622107239831053e+02
1.205608645494490247e+03
1.019587442267344386e+03
1.484560738974976402e+03
2.044612311632616638e+03
1.269427126697766880e+03
1.042568436049156162e+03
9.830120461854346559e+02
8.161183531161905194e+02
8.101172388192039762e+02
1.069207907224293649e+03
1.332160772851912725e+03
1.689696195030380977e+03
1.426704383120151533e+03
1.491525455092889615e+03
8.396388054343036629e+02
1.907035793270548993e+03
1.282345221930840353e+03
1.523846627277992411e+03
5.581943699587834544e+02
1.069464951919710302e+03
9.196203696353239820e+02
1.246782270960100277e+03
1.496349687456879792e+03
2.899737376558759024e+03
1.123043520723789243e+03
1.437982607843076039e+03
2.024636446279029542e+03
6.111828552011730835e+02
9.869049737174650545e+02
1.328238414669728627e+03
2.163073408385646871e+03
2.166270912420224249e+03
4.707172559373017293e+02
6.367120474882108283e+02
1.336454154638499858e+03
7.702977064395769276e+02
1.023398336829439813e+03
8.014013085574539446e+02
1.607618173842598480e+03
5.128586623747638669e+02
1.023682753238872010e+03
1.500025080951015980e+03
1.560831655418242690e+03
1.384836298275898343e+03
7.515844571604537805e+02
5.849185450328302522e+02
2.262204365352204604e+03
6.884746976836660224e+02
8.119373728913277546e+02
1.624492478535091777e+03
8.388692907345237018e+02
1.132394527367268438e+03
6.753620095294309067e+02
4.809709335409196456e+02
1.594291182173358266e+03
1.339595594289175324e+03
2.010010566112920515e+03
7.322341182092719691e+02
8.009735594656056037e+02
1.263764870771269216e+03
7.724079978140744061e+02
4.785856333974415975e+02
5.661609344243588566e+02
7.248489977674259990e+02
1.110446901864096162e+03
1.465622554261291043e+03
7.886141315828800771e+02
6.105844913296070899e+02
1.907828611356737383e+03
1.007837438455523170e+03
9.639777475316202526e+02
9.359751206894031839e+02
9.280963315533076639e+02
7.749794675770457388e+02
1.031814290664577356e+03
1.084580154936593544e+03
5.713317990877726515e+02
1.938507205129679051e+03
1.006444658727870092e+03
1.173346381594625200e+03
3.041492865300445374e+03
1.487131859503122541e+03
1.630864305278381607e+03
9.562944864279272679e+02
4.237300436334608094e+02
8.315093771200142783e+02
1.196675297134078164e+03
