1.504259570746343577e+01
1.465847161199511461e+01
1.729913357913979866e+01
1.734741580787083137e+01
1.663605467447435871e+01
1.490578789621268108e+01
1.022519402125583277e+01
1.727157669462571477e+01
1.678030225704018719e+01
1.125470364232236697e+01
5.273943422793328040e+01
1.449962773375285252e+01
3.041377646453830508e+01
1.982357219154819816e+01
6.475753230436579244e+00
2.796785914575516063e+00
2.270947197485741587e+00
3.896064528146479855e+00
3.045599915054588713e+00
2.391084186794956157e+00
2.069513908012907688e+00
6.777933965064444344e-01
-3.684864408129512325e-02
-2.862535514820243598e-01
6.892822054228012751e-01
1.058835537016507677e+00
1.220932994477343714e+00
2.929501100282071224e+00
5.334554544727281744e+00
7.487031433789022472e+00
3.891712842431726216e+00
2.516754421560406296e+00
1.375457178489116972e+00
8.742767140392914138e-01
-8.392412925811998381e-03
-6.379878232830222817e-01
-9.422383188878665772e-01
-1.295186039776184739e+00
-1.493807084281365327e+00
-1.567623040999563067e+00
-1.540412136380496122e+00
-1.450066584259799951e+00
-1.808755937875476061e+00
-1.075087450938880362e+00
-1.148582346718547642e+00
-2.459784321782075567e-02
4.670764858231514771e-01
8.372609128776731247e-01
9.198662549130132149e-01
1.304515601068124031e+00
8.937895937291995274e-01
1.147173181059184977e+00
7.493914579404402643e-01
1.130226439973477381e+00
2.017260918893544197e+00
5.981942249776410314e+00
2.194275208409459665e+01
1.342256052750139794e+01
2.743259830074297838e+02
1.135817919022816511e+02
1.975415559914169421e+02
8.614342044326264158e+01
6.817102903354161469e+01
1.591140107372393118e+02
-3.775866299390872172e+01
-1.550465206484154024e+01
-1.650041706647682105e+01
-1.730618240542634823e+01
-1.299117662463087797e+01
-1.198925361469368767e+01
-1.112705205327850244e+01
-8.879520993580866772e+00
2.974064089567546532e+00
1.278947746590290819e+02
6.307317826881556044e+01
9.319068109166489933e+01
7.749247019703311423e+01
4.855486564504541036e+01
-1.706788235161897660e+01
-2.328700904213512501e+01
-3.623016117304998573e+01
-2.486456855461712578e+01
-2.331529934132197113e+01
-1.889617782571657401e+01
-6.292919664148449499e+00
1.967561959966315328e+02
2.365607843458466277e+02
5.336208591456985317e+01
9.416025161004218091e+01
3.245799629391986514e+02
2.478290492864076100e+02
5.218721656507177897e+01
2.892157328335260900e+02
2.491789014091840500e+02
3.370403411277277428e+01
2.713947024218475690e+02
2.789326268759322769e+00
1.768488357927496590e+00
2.583068390440326212e+01
4.447014786045483170e+00
-4.125957109380609111e+00
-4.078392554424911332e+00
-3.926527626534257021e+00
-3.324628497543864469e+00
-4.314973615078638858e+00
-3.642553775356766277e+00
1.572736768795376179e+02
9.076807228900708679e+00
-1.029923700964271127e+01
-2.107235070756303585e+01
4.881808152575012549e+00
-1.366250518414691584e+01
4.441414321447526348e+00
3.449353628569075170e+01
4.244101351901118591e+01
3.657536205528801787e+01
4.315098699250025049e+01
2.937681291917283843e+01
4.849229380357662222e+01
8.201159647135770570e+01
9.370105491666384978e+01
1.185289637995272187e+02
2.669823947974475686e+01
4.490680935477091573e-01
2.564335338484718285e+00
6.643998557567043406e+01
6.590148874915250872e+02
2.274167490119194497e+02
4.709923163618574193e+01
2.197125347141698626e+02
1.664370558530829953e+02
1.379329749705659083e+02
2.453669518871634025e+01
8.484598358315278688e+01
2.684048260364894389e+01
1.138801032290285491e+02
3.107939690618042050e+01
8.890583181786528399e+00
6.615816987755796674e+01
3.440475245251604406e+02
1.572304789057023697e+02
6.581087271355032442e+01
1.623937641936905152e+02
-2.259547939203311273e+01
-2.585325119076281197e+01
2.732373069540137180e+02
1.696193606337985784e+02
1.895634733487632104e+02
1.773831397718730045e+02
1.861121861545056220e+02
-2.283290041649715718e+01
5.622402598011714758e+01
1.297498314709010572e+02
6.964990974267087154e+01
-2.162532476061386788e+01
1.215161199937464716e+02
2.228760887161694484e+02
2.101670445658801896e+02
6.468289682370846094e+01
4.650947435742581604e+01
3.059897601689641533e+02
2.684922268870070070e+02
7.575717495858837935e+01
2.859972386842347305e+02
2.813329249722935401e+02
3.392311666406553172e+02
2.745795437965655239e+01
4.851880660813684898e+01
7.901348997998228185e+01
7.559390726309655406e+01
6.452115630649755929e+01
2.925007828727958099e+02
2.993615762605448367e+02
2.202831774863676060e+02
6.521761193607557061e+01
2.701950923132316689e+02
9.359952307744709969e+02
2.614345938896609027e+02
1.690740716259706460e+02
1.560323940853211866e+02
1.356787592875095072e+02
2.107920818022413414e+02
1.519743428601256880e+02
1.394776988655063974e+02
1.930609682877552586e+02
4.482421728780047374e+02
2.787616547511728413e+02
3.469657508404297914e+02
2.210893160027133888e+02
4.037882676343811283e+01
1.730390105572862751e+02
2.744929519373563949e+02
5.824780597625174039e+01
2.869498009291604035e+01
9.446176694501187399e+01
2.378557039215840607e-01
4.345837416962631039e+01
-4.723666839336608803e+01
-1.037121395041797598e+02
-4.473367605505040956e+01
7.802073546810325411e+01
-1.160827563254737527e+02
7.051636592302899942e+01
4.243978846462056964e+01
5.183034857485698410e+01
8.824980088896086272e+01
4.705473446030484297e+01
5.732041076611949393e+01
1.955248262155744499e+01
8.168265241232286655e+01
-1.140239003178629673e+02
-1.170489700180101238e+02
1.208711202951315755e+02
8.932460111926025093e+01
8.673046319046481045e+00
-6.626206303744801573e+01
-1.321116725087138377e+02
-2.431480312832926245e+02
3.079050638926615235e+01
-2.155287427033400149e+02
4.675417239335958897e+01
5.034828382507082267e+01
-2.345980080112261987e+02
2.548263403322723519e+01
-7.863148771591514219e+01
-5.916501612366268859e+01
-1.475778260818456999e+02
-1.129023673385983528e+02
-1.158576941477744242e+02
-1.002321586464587568e+02
-8.126754461884785030e+01
-8.693820494251426112e+01
-9.163050839227275901e+01
-1.788728941519401516e+01
-1.300432518150272365e+01
-3.735817539566433254e+01
-5.537963579375524148e+01
-3.720766727427537290e+01
-2.055660189012523276e+01
-7.545365134939085294e+01
-4.439115625044868096e+01
-7.552219609736975769e+01
-4.426620444605035232e+01
-3.849118047439498724e+01
2.348922228010708864e+02
2.405528498774411617e+02
6.449709040612507494e+00
-1.698267487015577970e+01
-5.583902815406663223e+01
-7.810953624405604501e+01
3.622019772135563471e+02
2.715499145248464075e+01
-8.908664061721766814e+01
2.642012936058486616e+02
-4.762042570557418486e+01
3.023086832849053849e+02
-4.466386580213503521e+01
3.436220565492662615e+01
9.696668319930934103e+02
1.020096903327490736e+03
6.947687292463923825e+01
1.099404250151450952e+02
1.057710223134834905e+03
1.055487719685607544e+03
1.061241172029680683e+03
1.058049675785441423e+03
6.410105120456970553e+02
4.189836758223777338e+02
1.220876756647361105e+02
2.350767234874804785e+02
2.665100802510241351e+02
2.673775252556968667e+02
-1.035388096164434870e+02
3.121976667488947328e+02
2.561471249783623421e+02
1.673328961537595205e+02
2.019771100289278536e+02
7.223452140943886945e+01
2.057574111553254852e+02
-2.437180870109322584e+01
1.060224634158243084e+01
4.680413522328885279e+01
3.891774243727880389e+01
6.960916303812508943e+01
4.310126014947579876e+01
2.235231154391855313e+01
5.121520359200120964e+01
7.024285499255518062e+01
5.467845998946043551e+01
5.194535019310298907e+01
5.267216747172613367e+01
2.047155255378803531e+02
4.711902377768094397e+01
5.404440935145531455e+01
5.092996272294845284e+01
5.231666522886506954e+01
2.479871803153998258e+02
1.432645481836331953e+02
-1.012319958328676819e+02
2.974156457913733789e+02
-2.569929362277604312e+01
1.947734844640179404e+02
6.992950051157531277e+01
2.839603893787103175e+02
8.350433082093488224e+01
-8.075392011785561408e+01
3.304215874787633993e+02
3.252387435305246299e+02
7.333989769274701587e+01
2.793742928921004705e+02
-2.919479914516887220e+01
8.692305624270726128e+01
3.252652070634348433e+02
2.395735517741616434e+02
6.719181596619036156e+01
1.111930266464610924e+02
-5.081694641307318960e+00
5.374255651413258050e+01
5.227121471512338502e+01
1.184459040604656792e+02
1.129280523042119455e+02
5.476339081262466379e+01
1.274890603858028868e+02
3.006379119256303056e+02
9.205863570019280928e+01
1.677019966329502836e+02
1.075444964229713349e+02
1.919115597539315843e+02
1.174611560163402544e+02
2.371918547221708877e+02
2.220753596460438075e+02
1.317514245979027692e+02
1.567472400786594164e+02
1.117184589419330081e+02
1.371282183763169371e+02
1.009188024898000435e+02
1.008665254017990236e+02
4.017468863326184447e+01
1.167546820030760699e+02
1.220068287796194682e+02
1.354710610826705306e+02
1.116204803643289125e+02
7.024823695881512720e+01
7.586371817873829571e+01
1.012431557368709036e+02
7.414860083313234895e+01
7.471285445832489813e+01
7.514985929488369720e+01
7.691806952693642074e+01
9.418654215091761728e+01
6.173534897220265094e+01
7.614738441779067557e+01
7.822205569886106957e+01
8.224010005924556310e+01
6.590828416639344312e+01
7.238685998844744063e+01
6.837236485621336612e+01
9.086442699517067467e+01
-1.218855439165808718e+02
-3.040337937811601066e+01
6.102327978595582891e+01
7.902976480789310187e+01
9.748584477900941181e+01
6.256367730041328912e+01
-2.725664218297270835e+01
9.099842747124365872e+01
1.794879275421005786e+02
1.025375013698748887e+02
1.104669007848110738e+02
2.098596897644899002e+02
2.695023234049149892e+02
1.638920959862349775e+02
3.509516859542125644e+02
5.424441057900831993e+02
1.494067950932212909e+02
3.938693907514076500e+02
7.058704492140206810e+01
1.190361260430956207e+02
9.020437943634398437e+01
9.919410488793157299e+01
1.252828178337642129e+02
2.868807640077737346e+02
4.209330777532593402e+02
1.174242948855421957e+02
3.008963765605865319e+02
1.158519116516730492e+02
2.860185103162072551e+02
2.500534064242336285e+02
3.039949068106997174e+02
2.961875757592517857e+02
5.997648224480450097e+01
2.170686194537285019e+02
2.520385870935468802e+02
9.146927835267327112e+01
1.473275321746459099e+02
1.566679218312135617e+02
1.140106351177452666e+02
5.065200118290572959e+02
-6.886515714751901385e+00
5.161170304150468269e+01
-8.983688213409054768e+00
2.558891532647654117e+02
-8.156818857894613473e+00
5.850468679507894620e+01
1.560735248164777822e+00
1.148398393075008705e+01
1.991138320726861650e+02
5.867381444674477109e+01
-7.109349894415210258e+00
1.857388866779214993e+02
2.541150225953494513e+01
-1.865776445927024518e+00
2.359132890045277620e+01
1.759162355508511633e+00
2.581694176750175416e+02
1.043571017022228631e+01
2.110221204374256274e+02
2.571645938365797406e+02
2.057599632375753274e+01
1.548213065266046584e+01
5.577093674429933401e+01
3.103233330953585778e+01
-1.232930349750313148e+01
6.426490541949627300e+01
1.322706505908480494e+02
4.185496093918106908e+01
1.192763483002136411e+02
5.371599246114578818e+01
1.037441248034007835e+01
1.339057442279770385e+02
5.061272734847646149e+01
1.298214353050495902e+02
6.073974827961546197e+01
7.199274817088403999e+00
5.156042645843411520e+01
2.422610836503314147e+02
4.581372406655933105e+02
1.380978970171450726e+01
2.295491237700697518e+00
3.680015197570996293e+02
6.682915088414094953e+02
6.372150785666178052e+01
2.604121198832102664e+02
3.431672343195882036e+01
1.289689901802364886e+02
1.688863850433778282e+02
1.054321592634978941e+02
5.368258731000464650e+02
4.281379068733418194e+02
4.332693771496782631e+01
3.294889599676685066e+02
2.643854688282123675e+02
7.108283406020430562e+01
1.714387140728329939e+02
6.164881347750998941e+01
4.280230641540113652e+02
6.698010426820916052e+01
4.351543251675264656e+01
5.332365049349390773e+01
4.079403495754493179e+02
5.426660620111452715e+01
2.873322310867150122e+02
2.751820580288542715e+02
2.547228692815758961e+02
7.748350377402951494e+01
2.853953758388243500e+02
2.834008272575128373e+01
1.135803645660370762e+02
1.765489736655049313e+01
2.363245794543481964e+02
3.842287750985162376e+01
4.483024848978077159e+01
3.958637243621196262e+02
3.142102551528503227e+02
1.105095550495610546e+01
-2.326735696258707797e+00
-1.927104686977356707e-01
1.064826538603138850e+01
3.357463162272459556e+01
2.965117014313830879e+01
3.123388258145010354e+02
2.742046451695874865e+01
8.159086948135943373e+00
3.002972054352276245e+02
5.239063139707980099e+00
2.296612814891911825e+01
2.483205303942973785e+00
3.024360752307555344e+02
2.744031149259825497e+02
3.093275906626971619e+02
5.806531590143148236e+01
5.612700352694450601e+01
3.984795136939427351e+01
4.507749495409689189e+01
2.656729319463444199e+02
3.434722314091175122e+02
3.883832499831468965e+01
2.555487063864952546e+01
3.594533788186631114e+02
3.873715924861554782e+01
2.549595707480316165e+01
2.923157409878199360e+02
2.322518047673320609e+02
4.207348206635164445e+01
5.384891285760299695e+01
2.935579619339473538e+02
1.919389210204008123e+02
-1.949449973017873816e+01
3.288362959234118676e+01
4.196118677307690632e+02
4.623931298273208057e+01
-4.154694140173770478e+01
-6.086388700936544893e+01
3.140130129368107532e+02
-1.384284936019551822e+02
6.857178743592589854e+01
-1.972821139736642237e+01
1.157757016976213116e+01
-4.291560520277887036e+01
4.888092296433218742e+00
-1.524575005477587730e+01
5.086691274660367412e+01
-2.117594199525645315e+00
3.421203725760603902e+02
7.233019199172549918e+01
-8.911456760270237965e+01
-7.376564321701533800e+01
2.066230734101542339e+02
3.598759469908854669e+01
-1.918491655873357971e+01
4.885545979225520341e+01
-1.732166229360946019e+01
5.844093002520397562e+01
1.343039097872730281e+02
4.792587723903027097e+01
2.771981214206531874e+00
-1.590404497082824342e+01
-4.171537223161661423e+00
-9.044700016089504402e+01
2.752751078351822116e+02
7.351393425461968434e+01
1.310942372357215469e+01
-8.113658185535203415e+01
-5.890143869355205908e+01
3.423799359354763538e+00
-2.502172036796546450e+01
-7.568131055574737198e-01
-2.196748615255058112e+01
-9.404371818186537269e+01
2.662550461366117247e+02
-2.416853762732243638e+01
2.201592989803559419e+01
5.129455603301597222e+01
-2.928548451569728783e+01
-3.514227501597035541e+01
2.678342785576618894e+02
-1.284594438046929099e+01
3.539403866223883455e+01
-2.340669871266855662e+00
-6.556745939822780755e+00
4.038926547309808939e+02
-4.491566116740172276e+01
7.787268334770074851e+00
1.593131305731524776e+02
3.597590471263553695e+02
-5.610103233675496170e+01
1.636500137299958268e+01
-2.104091133852613638e+01
8.416877380498490879e-01
-1.003917234559954181e+02
-3.156791913957467699e+01
-6.598494155161476726e+01
6.402927186693129613e+01
-2.577650723096101970e+01
1.296152306957600508e+01
2.202678443756895277e+01
3.181887299937002354e+02
1.672799635347181990e+01
-3.219483000111159754e+01
-1.346749847182107018e+01
8.895445147215852444e+01
1.120627486349429205e+02
-1.309562080038477028e+01
-7.772129229171306442e+00
-2.631326541632137861e+01
3.789879977609045341e+02
2.812242438422185273e+02
8.789879933134521650e+00
-3.557234487930757894e+01
-1.728625389269048185e+01
-3.298764614952325758e+01
6.484198018955845022e+00
1.966421095198129194e+02
2.682422968701355330e+02
-5.408089742360576935e+01
-2.127390041487988981e+01
2.946312465499865993e+02
6.189648490864541941e+00
7.987051027016657478e+00
3.399534453390098179e+02
8.164237997385799872e+01
-3.133575446892260885e+01
1.229018061993207667e+01
1.394994331914331198e+01
6.970476787113878636e+00
-5.573115544521233744e+01
-1.334707100106912208e+02
2.358856162969784123e+02
2.268232913741128698e+02
-3.912488820203542872e+01
-2.842122176394747513e+01
1.430827579273716132e+01
2.414085613890065076e+02
-1.018948469151675340e+01
2.839650518293667574e+02
2.396463763842644141e+02
2.244841379299336381e+01
2.352172634348550773e+01
3.398449408248816894e+02
2.319649448232274551e+02
-7.874639612784276821e+00
3.031282924165578834e+02
1.274324040486899747e+02
2.896471453539361960e+02
-1.172057818133146689e+01
2.157053647375586252e+02
2.352568487695975250e+02
-9.895994901773036645e+00
3.172700712487556416e+02
-1.813213282716456121e+01
4.315173205943765566e+01
2.526434876954343736e+02
1.521815611331008711e+02
1.987011589239399427e+02
-1.818836662075925981e+00
-2.530259976034510672e+01
-1.831318104965350102e+01
5.403488424672403312e+01
1.257986581637082537e+02
1.056931797428288320e+02
1.896920182889076045e+02
2.430895459966745307e+02
-3.858279454333456471e+01
1.600923704315827649e+02
-2.964980344521437772e+01
3.361617548078327218e+02
2.527187478950329478e+02
-1.201260778850213029e+01
-2.308719666088211753e+01
3.817124405275320953e+01
-1.124485150555130559e+02
-2.015289041438826345e+01
1.833149704585668758e+02
-3.238489720148452022e+01
2.148079193567197365e+01
-2.587797370173508682e+01
-2.013944067894542655e+01
-1.940359718891323126e+01
6.250674472167580831e+01
-9.756655726014543006e+00
6.667085832070649865e+00
9.502756217415409878e+01
-1.312531928131069208e+02
3.976353658331584384e+00
-1.377481265941358579e+01
2.792491469420027794e+00
-1.098409283565406369e+01
-2.891379659688482207e+01
-9.194187525498431768e-01
-1.094279224424456132e+01
1.975519353632758452e+02
-3.887085758767905475e+01
-2.966421284124970725e+01
-4.234436259168266048e+01
-1.093821249761769820e+01
-7.787820982444807782e+01
5.114031890033509598e+01
-3.815643070534348880e+01
-2.497143468714156000e+01
4.314293469992401242e+01
7.144916236065731141e+01
8.164543981102344361e+00
-4.440599894558280880e+01
-3.215649162496635682e+01
-3.262073457200302329e+01
-7.179526619287712741e+00
-1.617005445635350114e+01
-2.051504715534820988e+01
-3.711577428973424020e+01
-5.050669274647877671e+01
-8.969568774631675012e+00
2.890958448695950551e+02
-3.091170880233796936e+01
6.290393958083226380e+02
-3.529670604813161106e+01
1.287535280157098896e+02
2.595180943077811975e+01
5.339463134548751810e+01
2.223384864850218605e+02
-2.296722236543826057e+01
-3.506830316896712674e+01
-5.465205359266651186e+00
-1.450074258352137591e+01
2.385415006778168756e-01
1.722563479414592535e+01
2.368679441693939225e+02
-3.443906118073387645e+00
-1.346718155752349730e+02
1.116388519252026867e+01
4.213143810393708577e+01
-2.734806333071553297e+01
-3.603105602778083494e+01
3.517364762632524275e+02
5.376004589003023426e+01
-1.171128822496025634e+01
-2.009707086579656909e+00
2.713810594827744467e+02
-4.084920063860867856e+01
2.318823282202205576e+02
1.974080370748847599e+02
8.643403744239164155e+01
3.051577325949902431e+01
2.012620713621222279e+01
2.198385833215611029e+01
2.116894234684695419e+01
4.873060614886244224e+01
5.150559217674324941e+01
9.754387395515531978e+01
2.718422703169826491e+02
1.048601919365433304e+02
2.567562487614480347e+02
3.530520367277182459e+02
1.885058855937887756e+01
4.393016851083110623e+02
3.457416259482603493e+01
8.717657390085346947e+01
9.800163726613757831e+01
7.794436972753463522e+01
4.628056239133488958e+00
6.205839118464866289e+01
5.959447934492054344e+01
9.981354803390320285e+01
-8.156364008637693175e+00
1.201200164565839970e+02
7.949302979393396917e+00
5.707360257030457973e+01
4.752271733649991603e+01
1.063252866457779255e+01
7.008362549761777416e+01
1.124006891200581890e+02
4.466648858822227197e+01
3.050382777924459674e+02
2.333965507483946311e+01
6.430090497813603179e+01
-3.012895180883126756e+01
-2.306089319265520743e+00
1.681030452911764144e+02
-6.565022028751275052e-01
-6.234900140853888439e-01
-1.836363199840560512e+00
-1.216321808183724684e+01
1.603050548628617946e+02
3.058867385343243086e+02
2.080871051355244958e+02
-6.706807649918220093e+00
-1.245373559736896851e+01
2.444130429643236653e+02
1.612285786451025871e+01
1.246937270032341338e+01
3.010166987321619558e+02
1.512268742966053310e+02
-2.852944091373831537e+00
3.666392579589733458e+01
7.301376727645106257e+00
1.379398056867089224e+02
-8.253072784398664652e+00
3.977567079648031267e+01
5.138725893145353218e+00
-4.053860709600743739e+00
2.522192227013496790e+02
2.805461860224793469e+01
-2.192701870374101691e+00
2.781931062727360171e+01
5.273311846055303675e+01
-1.081345238253309526e+00
2.618346153141308363e+01
1.837608819747252085e+02
3.224323347634532411e+02
7.466569651368449456e+01
2.446223557004723261e+02
5.731506748495445436e+01
2.016056091429943535e+02
2.054022098455308765e+01
1.328464107452174687e+02
2.769629441866029538e+02
2.700340678555511431e+02
1.193525570815154140e+02
2.263075041929071460e+02
1.250180231450812016e+02
1.170207534541617918e+02
1.996648994341781815e+02
2.338285481089336315e+01
-4.354936140317975379e+00
3.392132559573140611e+02
2.874455775597963907e+02
1.677295758445845593e+02
3.657273172682466793e+02
4.634667162339617903e+02
6.802649131983808672e+01
2.842640564148190947e+02
6.050066710307985574e+01
1.316541819427890800e+02
1.343817884648233196e+01
3.845571459588182393e+02
3.970526249293196770e+02
-5.611781672268573828e+00
-1.082710295881693519e+01
1.238152806755254005e+02
-1.917471780784639179e+01
1.070472346094410199e+02
3.023257126516876170e+01
1.604736757748538594e+02
3.272721520226234020e+02
5.847342347894402081e+01
-2.014323776048554038e+01
7.649045693095918352e+01
3.558502760839436974e+02
3.203011965465714752e+02
2.113095847760908157e+02
3.136672972261480368e+02
7.505664629769998442e+01
4.988119142897715363e+01
3.024206707816073845e+02
2.123197248975717741e+02
-3.822718745146413966e+01
4.585217012355621335e+01
3.062639472660737852e+02
2.625248678446449730e+02
2.005712293258340253e+02
2.597978553805325532e+02
2.319145462325427047e+02
-2.304786967500723804e+01
2.742575997614865173e+02
1.427401001823830313e+02
3.893647096068099245e+02
-3.312852811102198558e+01
6.238498553447111306e+01
-7.210837804731839995e-01
5.906807484862151369e+01
2.110760822715415657e+02
2.092719562486995528e+02
-7.548452357479065178e+00
-1.635513301233822148e+01
1.802698788335727329e+02
2.553643792893070952e+01
5.855350277331615727e-01
3.996498922519219121e+01
7.347097261689677907e+02
4.566586485613596125e+01
-4.929692524332468295e+00
2.834119518614579647e+02
1.008294200432102912e+02
2.349821163740637644e+02
6.028626221349466618e+01
3.378693685693136217e+02
6.924883406527773388e+01
2.724394275344262724e+02
7.640904426227268686e+01
1.097763821319504132e+02
3.402559433039377836e+02
4.044109738153976252e+01
-4.201088408795757800e+01
1.259537512224472096e+02
1.540432092693524737e+02
3.249880083147211280e+02
3.802560786991570296e+01
-6.309008695213407236e-01
-1.748049165014745299e+01
6.116013284578317055e+00
6.162539003825121853e+01
2.698208940892937946e+00
-3.579547691186533154e+00
-6.037705979723650529e+00
1.104294188954562230e+02
9.830797745433550006e+01
5.562217016741050202e+02
6.518464406929246024e+01
3.108885974305340483e+02
1.616544886475695932e+02
8.127071937026632042e+01
5.049784439070959934e+02
6.477493622685559060e+00
1.013315206258659806e+01
3.520721223880875161e+00
-6.755141332583123770e+00
5.749816940367854556e+01
2.931420289792284279e+02
1.112956832900081707e+02
3.450846286157387510e+01
2.352281677140553882e+02
3.546161080158323387e+01
1.814992807573418077e+01
1.493125188696824068e+02
-9.500060625441115292e+00
2.020016274428549963e+01
1.506706630790784196e+01
4.998022881942716111e+01
1.634999232453357934e+02
4.446235509354163895e+00
3.280747114535267794e+00
4.220117562518469612e+01
-1.119465876821164407e+01
3.196813310188530863e+02
1.923287396985947595e+01
4.510106717365308526e+01
2.741388543420737989e+01
3.278123229849737186e+02
1.233849742980313806e+02
3.401927838821097794e+01
6.975967676485002045e+00
4.155663004988337548e+02
3.511282823002132858e+01
-4.829632355267846400e+00
1.362351704929371365e+01
4.152910467481071777e+01
3.694743265006985666e+02
2.019399937737399284e+02
1.120005601813045786e+02
3.138543953388673344e+02
1.968185317859118015e+02
2.853971502558206339e+02
1.502895774349283542e+01
6.570959093642964888e+01
1.370953382320550773e+01
6.143361262990878657e+01
2.112981767404381372e+00
1.315671173090604462e+01
4.091244252148000982e+01
-1.698125935858905422e-01
1.468917089390951674e+02
3.051728873696152959e+02
2.236852130591000432e+01
2.838602700045796041e+02
3.950757626073831830e+01
-2.403021676874558921e+00
3.251425240956829299e+01
1.474536929384778894e+01
7.379459147053808010e+01
9.208626011062085226e+00
1.892356256595158186e+02
5.358243012980248920e+01
2.137950660739799247e+01
9.896917291926838800e+01
4.064191858628068132e+01
4.197090757359796953e+01
6.194620535159536701e+01
2.327243080337419201e+01
5.281273541762978851e+01
2.398897210896433307e+01
3.464118117892960669e+01
8.089483641791408441e-01
2.678943184782228215e+01
8.475335887941604085e+01
6.663177218066553564e+01
2.725932454758878976e+01
1.646234421492764000e+01
4.471100692801276466e+01
8.528569979402242041e+01
4.554392316748328540e+01
7.193236327341439029e+00
6.225595775627118655e+01
1.247154938834996614e+02
2.448592589687312966e+02
4.075108427744466866e+01
4.454212462692721175e+01
2.736681253291608940e+01
3.317070821092880095e+01
2.154761183609529240e+01
7.220777191920998916e+01
1.813291037534243912e+02
2.901501710537352707e+01
1.436863107117580896e+01
1.441665305468370484e+01
1.112598201786472707e+01
3.599900891526984736e+01
1.798471085601215336e+01
1.864028389580928202e+00
3.579713794687487649e+01
3.043856526297210507e+01
1.091831369159211818e+01
-5.944877378928111966e+00
-6.338655771854596388e+00
-6.307846664358697453e+00
1.986295667417738002e+02
3.385525055502747449e+01
3.870305197449939527e+01
2.567751809094659734e+02
1.577501345056180959e+01
2.147698841755269541e+02
4.865283202890932301e+00
