6.779554916559773119e+02
6.797109897044178979e+02
6.783282030578420745e+02
6.788188955315113162e+02
6.765161384868964660e+02
6.769077892350485399e+02
6.780461387689750836e+02
6.777744586471688990e+02
6.790423478225688996e+02
6.785293619097241162e+02
6.793563652812101736e+02
6.811551827931580192e+02
6.782951698267706888e+02
6.786318672411268835e+02
6.782218403150350241e+02
6.794034496288264791e+02
6.799849434651102911e+02
6.759652292040850625e+02
6.782790682480251689e+02
6.779687402742478071e+02
6.765796164916100679e+02
6.787475588269785476e+02
6.752212831009918546e+02
6.793718735647514677e+02
6.777301072675403475e+02
6.771344011291361085e+02
6.791145615150099957e+02
6.810293957668577605e+02
6.766261827601217647e+02
6.776493328962789064e+02
6.805015625369152303e+02
6.781807667853272505e+02
6.795359236885730070e+02
6.777559952573120654e+02
6.786580958656360281e+02
6.779901433653637923e+02
6.777868811611323281e+02
6.786979198654471475e+02
6.779345155421516438e+02
6.792144275042097661e+02
6.813569324291208886e+02
6.794772556938520438e+02
6.782754013119398451e+02
6.760268978316123594e+02
6.796329485451185519e+02
6.785981348035999190e+02
6.794549142405545581e+02
6.766227987749912245e+02
6.780915610003085021e+02
6.792895119496361076e+02
6.792947756409411113e+02
6.792694423706725502e+02
6.760156796625935840e+02
6.777488314427345131e+02
6.788673271481819711e+02
6.813165292661242347e+02
6.796568957174613388e+02
6.794609144214999787e+02
6.775614323082473902e+02
6.793639897414619782e+02
6.780426369466151755e+02
6.803152824293586036e+02
6.791090035061495200e+02
6.794446695154583722e+02
6.796266471873840374e+02
6.788389821785235654e+02
6.793982813306869275e+02
6.796573049202810353e+02
6.798475015513070048e+02
6.768602056092497605e+02
6.782632315125547393e+02
6.792517314094669700e+02
6.775357395079614662e+02
6.792225207107466076e+02
6.795893710009503366e+02
6.786233733103412078e+02
6.805659686350909396e+02
6.782495500357889568e+02
6.767733413861481040e+02
6.765228930657830233e+02
6.791164211548518779e+02
6.814347703645355523e+02
6.798876590797317476e+02
6.777040029265252770e+02
6.784203488790265055e+02
6.778685358742357039e+02
6.787072531446656285e+02
6.792462363568655519e+02
6.785598739769234271e+02
6.816220070804978377e+02
6.788588425152718173e+02
6.805029587632459425e+02
6.787419273904154124e+02
6.790537433498889186e+02
6.766402967694576773e+02
6.755869252305866439e+02
6.781958518532840117e+02
6.769868818139777886e+02
6.788078053422216271e+02
6.791890575881679979e+02
6.796073572152470206e+02
6.765399791741000399e+02
6.792083159823725964e+02
6.798479375856666138e+02
6.798129641410170052e+02
6.787045817396758594e+02
6.786895072180393527e+02
6.800083521208483717e+02
6.766390446405963530e+02
6.775205875791112931e+02
6.794754249055623632e+02
6.775936630068481463e+02
6.766607939335252695e+02
6.800461632052270033e+02
6.770080323593640514e+02
6.792184756344497600e+02
6.772495895450202852e+02
6.781927093826310511e+02
6.769075914294301128e+02
6.780551218150270643e+02
6.794616642435391896e+02
6.783877564621845977e+02
6.790816457450357575e+02
6.766100599654057532e+02
6.791219929933221238e+02
6.814037905448880110e+02
6.785016256686708402e+02
6.791838690656579729e+02
6.770170531328815287e+02
6.802448725353860937e+02
6.781458235837042139e+02
6.786850397426496784e+02
6.794048442291662013e+02
6.770492757396151546e+02
6.794441993219078313e+02
6.781339085998354221e+02
6.772648405142707588e+02
6.789982278211227822e+02
6.787417447327526361e+02
6.813802368808670735e+02
6.794088473449814956e+02
6.788049402518953457e+02
6.778699328722154860e+02
6.795196593580138824e+02
6.770900455085860585e+02
6.812127716600457461e+02
6.779603222641861748e+02
6.764058319564129533e+02
6.758761896850191988e+02
6.784314205510885358e+02
6.773626825770355708e+02
6.776699957095931950e+02
6.796991053974106762e+02
6.773434066883634159e+02
6.792106353592160985e+02
6.803353031714866574e+02
6.797940345233099606e+02
6.793170753958983141e+02
6.788764850616142894e+02
6.775363245491053021e+02
6.761119008947962357e+02
6.778487116706839970e+02
6.793095277554625682e+02
6.790089228146055120e+02
6.788441173652493035e+02
6.781628915145278143e+02
6.767368593059877639e+02
6.817565440298773183e+02
6.769417372664578352e+02
6.800452393099559458e+02
6.775768852754574709e+02
6.785991581719158603e+02
6.792940953956475596e+02
6.774742967875994282e+02
6.792584348852686844e+02
6.763007772613689212e+02
6.797570502368255347e+02
6.764658357225488317e+02
6.779921463877567476e+02
6.813858302568232830e+02
6.756153036091718604e+02
6.790069723957241195e+02
6.809627455544640497e+02
6.798488992234421175e+02
6.778833200615287069e+02
6.788831886871748793e+02
6.793691884854237060e+02
6.797561696878291286e+02
6.790519429649872336e+02
6.766693443699065256e+02
6.795199353307358479e+02
6.772376730062438810e+02
6.784971250086632608e+02
6.768158343927703982e+02
6.804082517901546225e+02
6.767909666282957915e+02
6.771172034140716960e+02
6.796832321354320356e+02
6.790914264334821837e+02
6.792912563001456192e+02
6.772962524438429455e+02
6.790711362782950573e+02
6.788535091553047778e+02
6.763296584879639113e+02
6.800008230489949028e+02
6.786256598535563853e+02
6.811100737542207071e+02
6.800966072363225976e+02
6.766144199135114832e+02
6.789016150591845644e+02
6.795243459304030011e+02
6.797480154699800323e+02
6.809202868162180948e+02
6.768058540129235325e+02
6.795262863886351852e+02
6.769730835658415344e+02
6.792767721877713711e+02
6.785778998217253957e+02
6.785974869988178853e+02
6.783674943746819963e+02
6.795120664984895029e+02
6.787929650729985269e+02
6.787380511546697335e+02
6.792488489711253123e+02
6.765625032705269177e+02
6.785120712444596620e+02
6.781479023765848524e+02
6.808788947086293319e+02
6.771599839487416830e+02
6.759030175800238567e+02
6.765542457108334702e+02
6.786806340777599189e+02
6.784052493967518558e+02
6.775547380039718064e+02
6.792489455280306174e+02
6.794100193549788855e+02
6.789638158246192461e+02
6.769563678679123768e+02
6.767174333111967144e+02
6.777282343758415664e+02
6.786801884377637180e+02
6.774230305317480543e+02
6.793035951620904598e+02
6.758630857192862322e+02
6.793933698941823423e+02
6.807983610833204011e+02
6.783279632592027610e+02
6.793724735533043031e+02
6.779846275762512278e+02
6.785904132410240663e+02
6.761748509781405119e+02
6.754565264516924117e+02
6.776180668088828725e+02
6.791465795800755814e+02
6.796971279848304448e+02
6.765096114739830000e+02
6.818083863361290469e+02
6.799833750667670529e+02
6.812910914592263225e+02
6.813389243657951511e+02
6.793164745996550664e+02
6.754762608663448873e+02
6.795205424505390965e+02
6.774855347121716704e+02
6.783593194471334300e+02
6.796358814743266521e+02
6.815710053377820259e+02
6.789133445702155996e+02
6.803157064488204924e+02
6.767658434027521253e+02
6.796072159081251129e+02
6.799581337569513835e+02
6.792749296049804570e+02
6.788340542812421745e+02
6.793645318418257375e+02
6.791701844778181112e+02
6.805372806193392989e+02
6.757635474914891347e+02
6.795878327269783767e+02
6.760122230975534876e+02
6.795377677280039279e+02
6.777926944421736835e+02
6.803074518316764170e+02
6.778849128104720876e+02
6.788178353590151346e+02
6.772961168109330856e+02
6.783804233135799677e+02
6.813199815505049628e+02
6.760657499316836265e+02
6.792618822076748302e+02
6.760939449459948491e+02
6.782996079477364901e+02
6.785515615257706941e+02
6.795173648438073997e+02
6.798833669133994135e+02
6.793356487194339479e+02
6.792182184025305105e+02
6.805496151364612842e+02
6.794081850360399812e+02
6.814897421512147275e+02
6.783782563500623155e+02
6.782610401575802825e+02
6.761884432238964564e+02
6.782211087340870108e+02
6.788122425516313569e+02
6.792832304003168247e+02
6.792894379956143212e+02
6.786227627725153297e+02
6.807749911634466571e+02
6.786664170285457658e+02
6.809599948498989761e+02
6.812651464424783398e+02
6.792773690471135524e+02
6.784545165424448214e+02
6.823557276409271708e+02
6.800041200492555618e+02
6.793872356135050268e+02
6.771221166350530893e+02
6.804485703920083779e+02
6.801846925626321081e+02
6.767869269082610799e+02
6.795259931891996530e+02
6.793269896811576700e+02
6.796518496049222904e+02
6.804433609951530570e+02
6.755835867673691837e+02
6.777586160371897677e+02
6.784512606958610377e+02
6.789827160893750033e+02
6.792413453397208514e+02
6.788502638690807771e+02
6.781660213348316120e+02
6.757255889853630606e+02
6.800029829622404804e+02
6.773732334736014309e+02
6.792777632154067078e+02
6.819560476412478920e+02
6.783239934711750720e+02
6.762430418678687829e+02
6.795876171013535441e+02
6.767244281173377658e+02
6.808171189609535077e+02
6.793126895442529758e+02
6.784936405091021925e+02
6.801034498878470913e+02
6.782087239818189346e+02
6.774182512743670941e+02
6.784212147106428574e+02
6.768687271867147501e+02
6.784360160795292813e+02
6.758606219945199882e+02
6.794359022457218771e+02
6.786311665115567848e+02
6.786956258079193276e+02
6.766330582532461904e+02
6.781858862696714141e+02
6.810586479811975096e+02
6.795686737795952013e+02
6.769491127604331950e+02
6.782083277074249281e+02
6.796334072951444796e+02
6.800459734873535353e+02
6.810897132783960615e+02
6.799528474969666831e+02
6.794621287670843230e+02
6.790797160493548290e+02
6.815318272740983048e+02
6.805329424879334965e+02
6.817473650946413954e+02
6.793606878028725760e+02
6.783371041983182295e+02
6.789666753302860798e+02
6.795385676432637183e+02
6.783647569511778102e+02
6.782029170591101774e+02
6.796370141352155088e+02
6.767560517968230442e+02
6.774063099668007908e+02
6.786461576127729813e+02
6.791543248371501704e+02
6.760110703266639121e+02
6.789508603983806552e+02
6.770067102074134482e+02
6.820747794835691593e+02
6.792862609979219997e+02
6.792548844734437807e+02
6.804021228299761788e+02
6.785370929206141000e+02
6.793430925818655624e+02
6.782901628513709511e+02
6.787310910105212542e+02
6.824691714700917373e+02
6.782473229889546928e+02
6.776635662176291817e+02
6.787394043391017249e+02
6.779979506499462332e+02
6.795830650682495389e+02
6.788065486077745163e+02
6.770264034533464610e+02
6.775424119511005756e+02
6.769868567898249694e+02
6.794548734765547806e+02
6.764232866727872988e+02
6.777319763625464475e+02
6.806438032195601409e+02
6.791493961360919229e+02
6.779240552006360758e+02
6.787252918948848901e+02
6.783404847306895817e+02
6.793462767683554375e+02
6.798007338123471754e+02
6.766803923752540868e+02
6.786198287034034138e+02
6.783346459788676839e+02
6.757969922615212681e+02
6.792535590414788658e+02
6.776121586638470262e+02
6.811040925348975179e+02
6.764670275159671746e+02
6.765191170401144518e+02
6.797211607144046184e+02
6.753366039762570381e+02
6.780724214053449259e+02
6.791442395849782088e+02
6.793975083903774248e+02
6.794706936373149802e+02
6.781703203400938946e+02
6.790800040869285112e+02
6.795928264528688487e+02
6.781726687668185605e+02
6.781432308109675660e+02
6.777977020063266309e+02
6.783589572926423443e+02
6.809634191231915565e+02
6.786840885887182822e+02
6.814441996753520243e+02
6.793260410866926122e+02
6.794120612735657687e+02
6.800011531796768622e+02
6.840212484360174585e+02
6.760080871359316461e+02
6.798940080990073511e+02
6.786349641541766005e+02
6.796301298456191944e+02
6.782950226100766713e+02
6.796681971423597588e+02
6.786003700452823750e+02
6.794670353143083048e+02
6.787705553101820897e+02
6.811265269993708671e+02
6.768682674825449794e+02
6.801188853756211756e+02
6.786375824086539978e+02
6.755331859715267910e+02
6.792788658216575186e+02
6.786307010160537629e+02
6.781144629416307907e+02
6.811044536470095636e+02
6.788559769227571223e+02
6.810275607661305912e+02
6.803852238907695664e+02
6.778739333611966913e+02
6.809651350811516295e+02
6.792633720708173541e+02
6.771230304653676058e+02
6.787636336783195929e+02
6.790006763355494286e+02
6.759224990367458759e+02
6.814809660376259899e+02
6.780671607581117541e+02
6.770189951361145404e+02
6.813512506779802607e+02
6.806783084244866586e+02
6.793297225806988990e+02
6.812092441823164108e+02
6.795900375382752827e+02
6.804882840622050253e+02
6.784958758039820168e+02
6.782833718803764214e+02
6.795497595633734136e+02
6.799367092617420667e+02
6.805632083486898409e+02
6.821818750453836628e+02
6.771862861734741728e+02
6.814300638379644397e+02
6.777452283654206440e+02
6.782875643351524104e+02
6.769013336265105636e+02
6.770895074787455314e+02
6.774740716209058746e+02
6.778858145313589603e+02
6.790105906484161551e+02
6.758886531264897712e+02
6.754285934757139103e+02
6.769065821921705037e+02
6.765823101330361169e+02
6.781955594452376772e+02
6.784528409534890443e+02
6.813164176278379500e+02
6.781294475666500148e+02
6.767108293161070378e+02
6.784888828784291945e+02
6.782245975128158761e+02
6.765927949651711515e+02
6.793712139165271537e+02
6.771180042944772595e+02
6.780915158846560189e+02
6.768505124849334607e+02
6.782609821234598257e+02
6.816709466337421190e+02
6.775400981753809901e+02
6.770794207581869841e+02
6.808526538016686800e+02
6.809638162223538984e+02
6.779712737789978974e+02
6.812065224284805254e+02
6.813487513049720974e+02
6.798170202593232716e+02
6.781892976178344270e+02
6.785525813604590439e+02
6.754127933116856184e+02
6.769527035493023277e+02
6.787186049594012047e+02
6.787029144211554694e+02
6.782642146047489859e+02
6.812293954325731420e+02
6.769123291789506993e+02
6.775275612508936547e+02
6.797217693602335657e+02
6.766020258463256596e+02
6.792399958440610135e+02
6.790019454175653664e+02
6.766959842635450286e+02
6.801727643182974816e+02
6.791524690732450154e+02
6.782747533925846710e+02
6.786422913877182737e+02
6.792583916188654030e+02
6.787698606072914345e+02
6.782697508694446924e+02
6.813628773111447572e+02
6.775825759854169519e+02
6.792140580294686742e+02
6.811990114383197579e+02
6.779606348055006038e+02
6.768761419770603425e+02
6.752621885979913259e+02
6.797634561736335854e+02
6.766949522624800011e+02
6.813586183623216357e+02
6.772328774781062748e+02
6.794443121040247888e+02
6.794743560197558736e+02
6.781455985043531882e+02
6.792529301879358172e+02
6.795121481609230614e+02
6.778811114324728351e+02
6.803666046257246762e+02
6.821478592639770113e+02
6.792540659724293164e+02
6.781824851886735814e+02
6.798759113838150370e+02
6.779956052552647634e+02
6.789743651443196768e+02
6.793285463478188149e+02
6.792642594832360601e+02
6.806806055886586364e+02
6.794164157116748584e+02
6.763244361534584641e+02
6.811512381187121719e+02
6.783951549532690706e+02
6.783049401445387048e+02
6.785294900499958430e+02
6.798716535861616421e+02
6.782123834373023783e+02
6.783167958112093174e+02
6.758742551897609019e+02
6.801862588008418697e+02
6.791641977517780333e+02
6.797113066437514135e+02
6.810468465814503816e+02
6.790387929251553487e+02
6.797167465809835676e+02
6.776348399708484749e+02
6.808136246725370029e+02
6.783970883091618589e+02
6.792908295402191925e+02
6.784057142353700556e+02
6.793241173150223631e+02
6.802095721058625486e+02
6.769498479519339753e+02
6.789119433945501214e+02
6.789591395841015355e+02
6.785063662529325939e+02
6.786528156548575907e+02
6.811631173008114501e+02
6.786745943946235684e+02
6.793055080457808117e+02
6.792674941781954203e+02
6.793464402005413376e+02
6.785444949694375509e+02
6.796101041930270412e+02
6.760001884366358809e+02
6.769182926621379011e+02
6.774032164114570378e+02
6.791272528836886977e+02
6.792480648573252893e+02
6.764923604573550620e+02
6.784430431292712456e+02
6.793595612455604851e+02
6.807468378364068258e+02
6.792999947193844719e+02
6.793552277226154956e+02
6.797531418288565419e+02
6.804583813571064184e+02
6.761045858034563025e+02
6.785239379815629945e+02
6.793366829165944409e+02
6.792020953972388497e+02
6.760245465816299202e+02
6.789358074244707950e+02
6.788251540069152270e+02
6.815935683096081448e+02
6.768881386600480710e+02
6.788085347282451494e+02
6.812270135258731898e+02
6.816802750897770693e+02
6.784604269175665650e+02
6.760678325811259128e+02
6.787866053766859977e+02
6.810485471293048931e+02
6.813105021676318529e+02
6.794811684406950008e+02
6.775397167497325199e+02
6.779929901250677631e+02
6.781278773625718941e+02
6.786828617482074151e+02
6.779889948242679338e+02
6.796713954461700951e+02
6.794825983725245351e+02
6.810740155854499562e+02
6.781317466500779574e+02
6.776246252710619729e+02
6.810288269985657053e+02
6.786782148190537782e+02
6.792137289612654740e+02
6.791314140532081183e+02
6.797047839381159520e+02
6.777134700471465294e+02
6.791521006548776995e+02
6.781704945338825610e+02
6.764787532485701149e+02
6.803122693944945922e+02
6.784590709624992542e+02
6.783031540174764586e+02
6.810193445101436964e+02
6.793366523247788109e+02
6.770128669264510108e+02
6.785760326989698115e+02
6.796888730744317400e+02
6.791781551295559893e+02
6.780763915464750653e+02
6.768818916495017675e+02
6.798171947303865181e+02
6.813781460255363527e+02
6.816486481746292156e+02
6.808097368436157240e+02
6.781766992371167362e+02
6.805015618746540440e+02
6.776544438176081258e+02
6.774080883808343287e+02
6.812417411289708298e+02
6.803637856349341746e+02
6.781149930076622923e+02
6.789334567873282822e+02
6.794823693346047548e+02
6.795563587052266712e+02
6.763037483215202883e+02
6.784133266105212670e+02
6.792462553956539750e+02
6.762815498716784077e+02
6.778720229860425661e+02
6.789706583904547870e+02
6.818644465848761911e+02
6.767986484246895316e+02
6.761798972894798680e+02
6.790965970724314502e+02
6.792883383122892837e+02
6.809141111820356400e+02
6.758736108089715344e+02
6.820340600044818302e+02
6.788200123516605800e+02
6.763373739539579219e+02
6.789094962703495639e+02
6.761991114370784999e+02
6.784937267308785067e+02
6.819302110794072860e+02
6.797730764497777045e+02
6.783469152521801107e+02
6.804826382313054864e+02
6.810954229491396745e+02
6.779234198006852239e+02
6.763670141371187583e+02
6.820101636960104088e+02
6.785805786470493786e+02
6.808402654893354793e+02
6.768622674516451525e+02
6.776019623530322633e+02
6.799093280636423060e+02
6.783364833927644213e+02
6.770149878205495497e+02
6.783185196245182169e+02
6.776852428147309411e+02
6.767993659949144103e+02
6.779061526661539574e+02
6.785824293967560834e+02
6.813545144239834599e+02
6.806468142012053022e+02
6.800201639166025416e+02
6.786450017862827053e+02
6.763803506794457689e+02
6.767103734980166792e+02
6.782189135063028971e+02
6.792485820161577976e+02
6.780069628034131028e+02
6.770311334931012652e+02
6.791874523162149444e+02
6.809205238623907235e+02
6.809833639716810012e+02
6.789743333962952647e+02
6.766772768434419731e+02
6.794330881003362492e+02
6.768652729021914638e+02
6.797265880046653592e+02
6.785244003856030304e+02
6.757084282485354834e+02
6.761575289296183655e+02
6.779685615294339414e+02
6.788722994505235420e+02
6.785804422144689170e+02
6.802778364331757075e+02
6.799616482911942512e+02
6.775580566487550414e+02
6.782603856592083957e+02
6.765606613379251257e+02
6.761815033948646487e+02
6.801089081083597421e+02
6.786733293776242135e+02
6.797054635795688000e+02
6.811503242197780992e+02
6.781153536734246927e+02
6.788091212025803998e+02
6.792923605148220076e+02
6.801082890273236217e+02
6.784193744805473898e+02
6.815593644673533618e+02
6.791723478040546524e+02
6.803995400007217995e+02
6.793153157900823089e+02
6.810562098431094000e+02
6.785737530374232165e+02
6.782980026335108050e+02
6.791248214135615626e+02
6.769105594375114379e+02
6.795552700568413229e+02
6.777433972776170776e+02
6.804642657382795505e+02
6.775746754182335962e+02
6.776713257325681070e+02
6.773846175359677773e+02
6.781912073428383110e+02
6.791969782622850289e+02
6.804447670235066425e+02
6.797362628029296729e+02
6.780204028885573280e+02
6.769071951423842393e+02
6.810086876771115385e+02
6.761148942496962491e+02
6.768443646603674324e+02
6.803397795064278171e+02
6.786456944663289050e+02
6.772370353811904806e+02
6.790149512846181779e+02
6.774264258930459164e+02
6.798920169072956696e+02
6.762483388542518696e+02
6.779010018228681247e+02
6.803789052202872654e+02
6.779924578527784433e+02
6.767581774484183370e+02
6.810314217145257771e+02
6.788164063784591917e+02
6.766272192103152747e+02
6.806111769343920059e+02
6.798483878600250137e+02
6.787350991167818393e+02
6.757428706504684897e+02
6.769909276672146916e+02
6.780732440045597968e+02
6.802575612277640857e+02
6.781470437384006118e+02
6.808983207601327194e+02
6.785216319243152157e+02
6.790570047941677103e+02
6.792212738687643423e+02
6.784471225085220567e+02
6.812985151625524622e+02
6.793556684191080421e+02
6.754567434992311519e+02
6.811331237993545074e+02
6.781542897821325369e+02
6.806452242511237500e+02
6.782538778049123493e+02
6.769635639652175314e+02
6.812066461302609923e+02
6.794253899511916188e+02
6.772340464188038140e+02
6.805671318458850010e+02
6.808435938578136302e+02
6.783800306872401507e+02
6.790033131128044488e+02
6.776016190229029235e+02
6.797515436015928572e+02
6.796173225337128088e+02
6.766050011736925853e+02
6.764072899924462945e+02
6.811926994951385268e+02
6.808745986329510060e+02
6.754185784946887452e+02
6.789002720526704024e+02
6.786987562966503447e+02
6.765624391752814972e+02
6.783511675039937927e+02
6.781062739022038386e+02
6.811182381580714491e+02
6.783048715497117200e+02
6.799497606822437774e+02
6.785486599140961061e+02
6.766070924251869201e+02
6.777434907776097361e+02
6.782787681644446138e+02
6.760659814536845715e+02
6.792472044089520296e+02
6.785181225080399372e+02
6.802925362256301014e+02
6.795361617068101623e+02
6.784615223256719219e+02
6.789185488045175134e+02
6.783929279436823663e+02
6.786433672811525639e+02
6.784033980315834924e+02
6.800931936198981020e+02
6.795940769935419894e+02
6.796098601256281881e+02
6.802430653496410287e+02
6.773742060834574659e+02
6.775718861027096409e+02
6.809616661599480949e+02
6.783565365731285510e+02
6.789938726076060220e+02
6.764190628315682261e+02
6.794017256302149690e+02
6.789661746865817804e+02
6.775426438373615383e+02
6.782940576264435322e+02
6.789935377567950354e+02
6.764899783761181880e+02
6.765499293678611821e+02
6.778736232411492892e+02
6.802738962390724282e+02
6.759941571806642742e+02
6.809027501420445105e+02
6.784589568491502405e+02
6.773577724834500486e+02
6.795054957508752977e+02
6.776563253209642426e+02
6.810703065004445307e+02
6.810473390614516802e+02
6.810563137666460989e+02
6.772357830669827763e+02
6.767683147707597300e+02
6.780838947508993897e+02
6.795596252558895003e+02
6.761245060103088917e+02
6.752703700063370889e+02
6.753918515657380794e+02
6.785861227124661355e+02
6.792708169233596891e+02
6.793006489681454241e+02
6.791286775808598577e+02
6.810825225443979889e+02
6.818306481004223087e+02
6.802566519476794156e+02
6.801598833937398467e+02
6.811281008160809733e+02
6.783015736876983510e+02
6.783209828041682385e+02
6.790632627214682771e+02
6.794750366693318711e+02
6.794180299987727949e+02
6.768571751923478814e+02
6.758441244230982647e+02
6.812614202648502442e+02
6.756723223602464259e+02
6.794518154383690671e+02
6.796396932551252803e+02
6.773798805907728138e+02
6.787578683026540602e+02
6.786140393376871316e+02
6.794630081391024987e+02
6.794541932071670089e+02
6.779255143401661599e+02
6.792763882513938825e+02
6.799612373945924446e+02
6.813892884475970959e+02
6.792499827767717306e+02
6.803384441163767633e+02
6.762994658173422522e+02
6.802358355629116886e+02
6.790276703210984124e+02
6.787549787796389182e+02
6.783278755005616176e+02
6.776404829442138862e+02
6.802305625125607094e+02
6.791924809003955943e+02
6.769409773142722315e+02
6.783052452101698009e+02
6.795026535350680206e+02
6.801714468913961582e+02
6.769087144778010270e+02
6.777995096411343638e+02
6.782741161785506847e+02
6.794924431790436756e+02
6.772964692179346002e+02
6.777051391703804484e+02
6.783997536436830842e+02
6.785464587991967846e+02
6.781311918184860588e+02
6.798868199641771071e+02
6.784480795257532009e+02
6.770197642550691626e+02
6.781198420766816071e+02
6.812906467857417283e+02
6.753052211369786164e+02
6.791779630578777187e+02
6.778882081127649144e+02
6.803581829566132910e+02
6.784259336938622482e+02
6.783745666386994344e+02
6.779972576363463759e+02
6.787542793646606469e+02
6.762184528094769576e+02
6.784724418924788552e+02
6.790526559842230654e+02
6.794981091487411504e+02
6.795377573746302460e+02
6.783544506226290878e+02
6.782553388128897041e+02
6.799229487728298409e+02
6.771489703438652441e+02
6.795433817128827059e+02
6.810782813842751011e+02
6.788774376583608046e+02
6.803211306891406593e+02
6.778643785148946108e+02
6.783463635156372220e+02
6.821199139576689277e+02
6.781795474361283595e+02
6.796017460602324718e+02
6.781121879133679613e+02
6.766458300582530683e+02
6.773688224842417185e+02
6.770179749446193682e+02
6.773459847574916921e+02
6.782335032641118460e+02
6.761657236798670283e+02
6.805033369972393302e+02
6.783016925882108126e+02
6.811427740356024287e+02
6.784144352465810925e+02
6.822947008934977475e+02
6.806356885021714334e+02
6.794560271448320918e+02
6.770793482033528790e+02
6.781102196506163864e+02
6.761516000694335844e+02
6.797366218203345625e+02
6.782064885253561215e+02
6.796428136844863275e+02
6.786194089841721961e+02
6.817417502359110131e+02
6.755313953707743622e+02
6.799747358021585342e+02
6.803965315272091630e+02
6.783132033988771354e+02
6.793082727184965961e+02
6.793774276265246499e+02
6.767146924451833456e+02
6.803852450757335646e+02
6.789229265564500793e+02
