2.648026045274227869e+01
1.580266283131640570e+01
1.641759096403731277e+01
1.004765505672290793e+01
1.562951169984740041e+01
6.878886547208805879e+00
8.805267467166643769e+00
9.004264190046846750e+00
6.221766740034418319e+00
1.190085309819883541e+01
9.111676060854343007e+00
2.442487003450776939e+01
7.828357720360631156e+00
1.996801673218117656e+01
1.243741011947555819e+01
7.840505342854469539e+00
1.501701844383837958e+01
1.707101434504955506e+01
2.532405566494927385e+01
9.406588607052082551e+00
1.485922643539570664e+01
9.700081777447262965e+00
1.399824466869541517e+01
1.647620980317636707e+01
1.177636907271880240e+01
5.343828258342783855e+00
1.242702056903818608e+01
4.085734341905592970e+01
3.767879150430785984e+01
1.204845178330781579e+02
1.043547833355772951e+02
1.192140953907442054e+02
1.063049833944804163e+02
9.116743316816545928e+01
5.621036241756226559e+01
4.359815168004961095e+01
7.296668283946166866e+01
5.350475574143658974e+01
5.598024708352029677e+01
5.347328199583831321e+01
7.048303091425499645e+01
4.555355492078987822e+01
5.005035411695781988e+01
5.012493091869962569e+01
5.268453602739604236e+01
5.651490644526521123e+01
4.461431746988628078e+01
5.331418339977896181e+01
5.284256314332024829e+01
4.374889193170685786e+01
6.010858442610729924e+01
4.326103384152707321e+01
4.388750062161043530e+01
5.093472354470905827e+01
5.787287134864907756e+01
7.264038206316978119e+01
4.867306642647525194e+01
5.974630018450828572e+01
4.922165750444096943e+01
4.666535597415045089e+01
5.318811243412613976e+01
4.376320539023874545e+01
4.256989690943903781e+01
4.266877812932942504e+01
4.455231523378960645e+01
4.543141693393916114e+01
5.666859795476106854e+01
4.408021604778488012e+01
4.745904995919315894e+01
5.161623162755414995e+01
4.741911867814445714e+01
4.678854404414616397e+01
6.146752357666383659e+01
1.689868564689120660e+02
7.346987430242772632e+01
5.951479574702657516e+01
8.634258630301967230e+01
8.719937316400607585e+01
6.836861789779933929e+01
7.791140553023625159e+01
1.579725506597818026e+02
1.743150247570415843e+02
1.746792615977419985e+02
1.701383146886125246e+02
1.760381622924206511e+02
1.654005569411819181e+02
2.174220621196196817e+02
1.980073211924107852e+02
2.272029081986532901e+02
2.064803709174042297e+02
2.258549858250528644e+02
2.082561564054247469e+02
2.457368653684079334e+02
2.320977986529535144e+02
2.261220360165957572e+02
2.113848756922157577e+02
2.144616192365679126e+02
2.036302913653215114e+02
2.360404167340542188e+02
2.486633720919983830e+02
2.362574300882718887e+02
2.476353748629989013e+02
2.398475570027109427e+02
2.273828706127608541e+02
2.426113065558323569e+02
2.369010174273550433e+02
2.171715183116058370e+02
2.318453963460777061e+02
2.318072177901903217e+02
2.346230291626986570e+02
2.370799695674988925e+02
2.345640182866134751e+02
2.420363646706986742e+02
2.355874062182233502e+02
2.296963395362367066e+02
2.342328696557923706e+02
2.345598368653882346e+02
2.530630440579548690e+02
2.464429637319772439e+02
2.311501377210565522e+02
2.521995728077029071e+02
2.722126815678311686e+02
2.347800955895891377e+02
2.496085178273058034e+02
2.738410878892588585e+02
2.314029905156912150e+02
2.609285950005653945e+02
2.499889542552118371e+02
2.453157262310834028e+02
2.468463810452598750e+02
2.672924261356486113e+02
2.574862709310711466e+02
2.503167335297233080e+02
2.606033901425709018e+02
2.532971592856854386e+02
2.530923561989941675e+02
2.553003132518238374e+02
2.507361768562335271e+02
2.521358472815779805e+02
2.627912817215665200e+02
2.686869579466298319e+02
2.659606363560091040e+02
2.604058931430371331e+02
2.280009293770103795e+02
2.390370409657356561e+02
2.415357325938515487e+02
1.875702522080133576e+02
2.548405424780425790e+02
2.514774063947436389e+02
2.468538812275912449e+02
2.451820275501242463e+02
2.386568503413419648e+02
2.479578376232056485e+02
2.144585836702408699e+02
2.460144435645132148e+02
2.061302628977105940e+02
2.539322421400880501e+02
2.520757946179284659e+02
2.468628805304233538e+02
2.416809621555120202e+02
2.385682346192758416e+02
2.309473883232127775e+02
2.343386797630178648e+02
2.370518598091704234e+02
2.403409022908940642e+02
2.417418482658654568e+02
2.275730627094037573e+02
2.216247357770887447e+02
2.309540958345036472e+02
2.299017999263692786e+02
2.380593376540866473e+02
2.349907248465209193e+02
2.338654497241687125e+02
2.206540447661175506e+02
2.413452948666258067e+02
2.245895664748071852e+02
2.293861970180758476e+02
2.250812125818647473e+02
2.377371796138718310e+02
2.458607693300487540e+02
2.405591705492887513e+02
2.203359315631540483e+02
2.468764185955294579e+02
2.294380188837764649e+02
2.272878615087091134e+02
2.287577303642981406e+02
2.466055674994836409e+02
2.468842766876780672e+02
2.178036928852222331e+02
2.568691066355741555e+02
2.254322259685085328e+02
2.139986487745632360e+02
2.240249628209259072e+02
2.280602411357106121e+02
2.015829624209814313e+02
2.206435739822898938e+02
2.131539209988158916e+02
2.280374114419145712e+02
2.211958196829622239e+02
1.999092712904205484e+02
2.225081353625604379e+02
2.229930124722681910e+02
2.166224829479081677e+02
2.103358926039047958e+02
1.903756802842263198e+02
2.294396373306057910e+02
2.092619698678238649e+02
2.160060433073889214e+02
2.329560676667339862e+02
2.112610146855470248e+02
2.179846955503350898e+02
2.205126484316466531e+02
2.161240965805892245e+02
2.142529063271195184e+02
2.181022859206513544e+02
2.155808032367557701e+02
2.237495446429484787e+02
2.168761470918463488e+02
2.167302294551259365e+02
2.046754906329558423e+02
2.013292929656193166e+02
2.064265710004725065e+02
2.037161101750314458e+02
2.165229813018715959e+02
2.217138458751415726e+02
2.087266147720818594e+02
2.188741427495058076e+02
2.157275104993793775e+02
2.027539263546907478e+02
2.294379946544286497e+02
2.018176602609628958e+02
2.489901848872273433e+02
2.651697380140501537e+02
2.606647238118216592e+02
2.254388076633089781e+02
2.326769751643283826e+02
2.171927613446550254e+02
2.464572762778817321e+02
2.530718337249329011e+02
2.839348983136535480e+02
2.294303627777002816e+02
2.506224831659110919e+02
2.463329460203753740e+02
2.409148368836138161e+02
2.619254583478293057e+02
2.317378071906949515e+02
2.510033041998790964e+02
2.613875273927888543e+02
2.436999260333329289e+02
2.297216467189205673e+02
2.306816222744947993e+02
2.598396784727750060e+02
2.804075678944984134e+02
2.620086035914383160e+02
2.292891737343395846e+02
2.979001661176725975e+02
2.562765731302736185e+02
2.628933357318780395e+02
2.848129391815991198e+02
2.428612004734080188e+02
2.670758359182771073e+02
2.558288879043626594e+02
3.036635138967787384e+02
2.330587233625971351e+02
2.293888652325400415e+02
2.441199387986251566e+02
2.325417181738426677e+02
2.467299286873780488e+02
3.079978520909371014e+02
2.946805682234088408e+02
2.181394828156510926e+02
3.065670468610364878e+02
2.220525696088689358e+02
3.030378145596762920e+02
2.942525854283164222e+02
3.047990708776372912e+02
2.884121164299673410e+02
2.384562831746028451e+02
1.813246390155567553e+02
2.378483418710800379e+02
2.628046714821533669e+02
2.428611466957053722e+02
2.403266040993067350e+02
3.014702715729271745e+02
2.876296374291726465e+02
2.963194103835494957e+02
2.462697059682679424e+02
2.668155375999688772e+02
1.854397364873545939e+02
2.971785113992248739e+02
2.984714344074952237e+02
3.065620999817079451e+02
2.961700976752816814e+02
2.906558008322220985e+02
2.774164991376809439e+02
3.302237639980487529e+02
9.175395395392612841e+01
2.929451738122650113e+02
2.873207437768745081e+02
2.820065789385473067e+02
9.150543147787898590e+01
3.489329598051637618e+02
8.809258797414152298e+01
7.823657962242481290e+01
3.077199694984867619e+02
3.181336024513298639e+02
3.151185060621967864e+02
3.314522001958105193e+02
3.426052592221712416e+02
3.021415085313093982e+02
3.411642861077476709e+02
3.584944381316187787e+02
3.048865674249993845e+02
3.457049765749740118e+02
3.331309283859692982e+02
3.399089214014336449e+02
3.777071038398273117e+02
2.302532634567910463e+02
3.281524670286282799e+02
2.743252884458298126e+02
2.982535718751773857e+02
3.855693169377366871e+02
3.114087761483280019e+02
2.809844687153469067e+02
3.085195650981156632e+02
3.158542382783428479e+02
3.502760656501442895e+02
3.253191898206391102e+02
2.834252006131192161e+02
2.670577865290549653e+02
2.831266403526496447e+02
3.149232463883836317e+02
3.148587651137833063e+02
2.848169872656944221e+02
2.920144448490318609e+02
2.840087737501236234e+02
3.001139799827517436e+02
2.839328773869352744e+02
2.754493706204312389e+02
3.155244101511681833e+02
3.024767550408673742e+02
3.207910252808178484e+02
2.974077641470955768e+02
3.076046681011371220e+02
3.286548867309019784e+02
3.267762983291206638e+02
3.362195767464351661e+02
3.550169965349924723e+02
3.184845396162465931e+02
3.109579414729832934e+02
3.065914062774742206e+02
3.085954874312635638e+02
3.230749597443446532e+02
3.128388733189415802e+02
3.087979839070473531e+02
3.082991474888282823e+02
3.585200694638012351e+02
3.038488814843314003e+02
3.051802314298734018e+02
3.277894193890888914e+02
3.100173945502876336e+02
3.227904197404587876e+02
2.974034405039950570e+02
3.906265835591173072e+02
3.086248880292169474e+02
3.040351629445860908e+02
3.162650183547330016e+02
3.344133512258869132e+02
3.316390146544425761e+02
3.190115019114824122e+02
3.254541385406703853e+02
3.118613903424985097e+02
2.921326237191495352e+02
3.207614016616950039e+02
3.697101063408329651e+02
3.128551405992574814e+02
3.231575099654656924e+02
3.135198950158611524e+02
3.229735582148711046e+02
3.283739628680922351e+02
3.163399412423399326e+02
3.138079283939533752e+02
3.320818373643089103e+02
3.529575225708094308e+02
3.296876396410411303e+02
3.227130790746396656e+02
3.697064801592680396e+02
3.150736500355364456e+02
3.223616887224932839e+02
3.140675855413752515e+02
3.392239541640134917e+02
3.030483189539743876e+02
3.268026516389927565e+02
3.178470770360517008e+02
3.141776042589330018e+02
3.375827718449915551e+02
3.227377341041232626e+02
3.219412325555929328e+02
3.067345373438261049e+02
3.170878447885469882e+02
3.117913921296935200e+02
3.146023026995746932e+02
3.097349702631124160e+02
3.686112827671238961e+02
3.332015655702292065e+02
3.125716355593834237e+02
2.886570584203511771e+02
3.039305310196408527e+02
3.189464058077337540e+02
3.453688753755439507e+02
2.920878044233880928e+02
3.160204756147048215e+02
3.205182068095573413e+02
3.159457700468368557e+02
3.128690346119173000e+02
3.188513355472845774e+02
3.042056406659287404e+02
2.962607190397303611e+02
3.099878369836433194e+02
3.279649460822196261e+02
2.976838677914933555e+02
3.201756115567262100e+02
3.237283970735493881e+02
2.685473390120982344e+02
3.402360201874089967e+02
3.037532888103404503e+02
3.148045056659926217e+02
3.742736655386917164e+02
3.100850419813201597e+02
2.787215532303188184e+02
3.176910617364837321e+02
3.148916763110750026e+02
4.170347133318623492e+02
4.080157105677166669e+02
3.432753978282832463e+02
3.587989113859542840e+02
2.981343644291856663e+02
3.127772381281171192e+02
2.875794443587017781e+02
2.502105387066228275e+02
2.935775490918920809e+02
3.223061385510536070e+02
3.372560930119357181e+02
3.018531238977032558e+02
2.971950595214934197e+02
3.137755359127495467e+02
3.172661755310500666e+02
3.344575920696869389e+02
3.181039116371685509e+02
3.116173717614688599e+02
3.032179771532409518e+02
3.407937247361548430e+02
3.180338959023331995e+02
3.157463133711074192e+02
3.323487992946860459e+02
2.634256167287618382e+02
3.625911707937116262e+02
3.120527372831545563e+02
2.923258262609293183e+02
3.072607870277619782e+02
3.261417314386975477e+02
2.864251466964863653e+02
3.083869317313131546e+02
2.983371576579255020e+02
3.102366867549372387e+02
2.973230770968836509e+02
3.048251669133945256e+02
3.302586596921506157e+02
3.398548976740045191e+02
3.123435418627507829e+02
3.173557209222165056e+02
2.833236424649680316e+02
3.457270443875169690e+02
3.140277819234752315e+02
3.050665433362911472e+02
3.469460830876919317e+02
3.193311426589415305e+02
3.145197973101608113e+02
3.019287123232165300e+02
2.935502073211455354e+02
3.137390282575121319e+02
3.169399111267545663e+02
3.321107995905325652e+02
3.071919726753529289e+02
3.496118039155877000e+02
2.715317483487393702e+02
2.825180544487602674e+02
2.968711988887334314e+02
3.116893420971697424e+02
3.154025159360315342e+02
2.991553616377048570e+02
3.271006744984856027e+02
3.016625667809444167e+02
3.045399144474348532e+02
3.287388377099327386e+02
3.027314566189126595e+02
3.053210065937321360e+02
2.945599938852023456e+02
2.915409320852574524e+02
2.744339349101131802e+02
2.802245715135532009e+02
2.894310839425212407e+02
2.853834549760279629e+02
3.092117466590701156e+02
3.079286189986023601e+02
3.036897793504120386e+02
3.123535673470143479e+02
2.745184309457338259e+02
3.289197609928451698e+02
2.883872264914890593e+02
2.814968149838456952e+02
2.794768434295746147e+02
3.054264064792026829e+02
3.006211424650951471e+02
2.550265959223104346e+02
2.845826212429955717e+02
2.965151507719855317e+02
2.672441830666151077e+02
3.174200952575248493e+02
3.305954890331976230e+02
2.747945989676612157e+02
2.904660480159486724e+02
2.908917318283235431e+02
3.068309336294794321e+02
3.047100788290568403e+02
2.674985287844354502e+02
3.015314049734832906e+02
2.741574999567488362e+02
3.127344035034930698e+02
3.266176016737796886e+02
3.130309742425375816e+02
2.962508321452490350e+02
2.782382362568756093e+02
3.465845943968567440e+02
3.232187823624166185e+02
3.232775670132165260e+02
3.207951734173129807e+02
2.804899945831418790e+02
3.184570980362001364e+02
2.647053391179942992e+02
3.253994282330584724e+02
3.142718570128956799e+02
4.160462355215882440e+02
2.931025759494555700e+02
3.364555376314748401e+02
3.177790370667473212e+02
3.079342995409708692e+02
3.712084131420349991e+02
3.193501009166159861e+02
2.874614544159485945e+02
3.091748740166725611e+02
3.194711917512854598e+02
3.225170732528869166e+02
3.177484843874077569e+02
3.253895202217114502e+02
3.018484646992926059e+02
3.150442076876578881e+02
3.127146130736961140e+02
3.113964394735787664e+02
3.179496885211209474e+02
3.118556917102488342e+02
3.035540503192944470e+02
3.151277527730911174e+02
2.951283028249578138e+02
3.007993095628586389e+02
2.999642505846132394e+02
3.170958176617999698e+02
2.809354707684556729e+02
3.223899760162271377e+02
3.229690827573472234e+02
3.075628708232409849e+02
3.247182921861308387e+02
3.252365267384495837e+02
3.078528030824069788e+02
3.210097613595131634e+02
3.213179241868356826e+02
3.184494949769193681e+02
3.550285056802500776e+02
3.129397593870887704e+02
3.182223876442615733e+02
3.202355678830157899e+02
3.064794110019631717e+02
3.190602299037858529e+02
2.975995075362576472e+02
3.379032201347271211e+02
3.226580774829487268e+02
3.849097807635337176e+02
3.090904591147123597e+02
3.119345756294213743e+02
3.249672650298657004e+02
2.966099383331855961e+02
3.208775068949497040e+02
3.172806942225695934e+02
3.135751055615870655e+02
3.308794528318286439e+02
3.121746015292874290e+02
3.152075399199454182e+02
7.770491849217655727e+02
3.055521567275912389e+02
2.926497565330158750e+02
3.261924190741493703e+02
3.102541485942608119e+02
3.044276450675949377e+02
4.134777292723805431e+02
3.171568596689857600e+02
3.064561812803955263e+02
3.197801923104528328e+02
3.114140717226983952e+02
3.270547409886828518e+02
3.124413124375324173e+02
3.191308220694857596e+02
3.288971976533485986e+02
3.113467019945253469e+02
3.147737282960766834e+02
3.156109907973101372e+02
3.019623770740113287e+02
3.081549967087569257e+02
3.185527049889720956e+02
3.136848526895846021e+02
3.169360557367405136e+02
3.004027616404256378e+02
3.161452729937602726e+02
3.146433130051526064e+02
3.180008873876706730e+02
3.118367204265017563e+02
3.221633647868370076e+02
3.285909630032047062e+02
3.304480142730125181e+02
3.097294847300866536e+02
3.092851784661915531e+02
3.151820411350782365e+02
3.099692015903469269e+02
3.275285622697902568e+02
3.146541607122881032e+02
3.188531429657834337e+02
3.181555728406308958e+02
3.253397855671382217e+02
3.247918316199398987e+02
3.091921845603297356e+02
3.254595345288904014e+02
3.147835332127994548e+02
3.107149433285147779e+02
3.234489271410509446e+02
3.140322913758969889e+02
3.240149258808026502e+02
3.045621018205214341e+02
3.236506500407941189e+02
3.081600919216452894e+02
2.916267809864048104e+02
3.080826424990003716e+02
3.085921572098510524e+02
3.195450709845724191e+02
3.206697156258467203e+02
3.174190409828245265e+02
3.053087347811494965e+02
3.066793745443010266e+02
3.086303210268164889e+02
3.012889609787095537e+02
3.128151991263021046e+02
3.199179525343574255e+02
3.128590515686153708e+02
3.017403944407550398e+02
3.096728777866150608e+02
3.081245255736029094e+02
3.152124862603737938e+02
3.066342107145832756e+02
2.986971343644387389e+02
3.063707111400892700e+02
3.052731295939808547e+02
3.188023846164107908e+02
3.221270896158209780e+02
3.134548827252192496e+02
2.987429372549446498e+02
3.070382915129561638e+02
2.989372432631447509e+02
3.206053109894286308e+02
3.052095899613643155e+02
3.085208640805691971e+02
3.273995385835931984e+02
2.909542698070789584e+02
2.983641379092523493e+02
2.983112836771147158e+02
3.186863615485710284e+02
3.194194048335457978e+02
2.984812888551329593e+02
3.139534634711617969e+02
3.048008343638510951e+02
3.037570189805477412e+02
3.036074073142119687e+02
3.058379519989970845e+02
3.018960098908852956e+02
3.156945538836519631e+02
3.063954114331165783e+02
3.243855810773573580e+02
2.954974986779461119e+02
3.028568537283086357e+02
3.148618867609403082e+02
3.198858055102706999e+02
3.064538787194255178e+02
3.060482881442582652e+02
2.993982823605243198e+02
3.223934412031317152e+02
2.987941731743870264e+02
2.941719238345175427e+02
3.163549208619074307e+02
2.956849260478482506e+02
3.004044889450190112e+02
2.913465750078241854e+02
3.046000044391508368e+02
3.148733862999459916e+02
3.173993880407531378e+02
2.998875418788508114e+02
3.233382634757513756e+02
3.007066633523203905e+02
3.232371971929397318e+02
3.055630453253211840e+02
3.027370055642568332e+02
3.013670373231264534e+02
2.970737005771594568e+02
3.281691066017022536e+02
2.993320418749519831e+02
2.796463248467466087e+02
3.075149050062527181e+02
3.240744107895160937e+02
3.009037189910154098e+02
3.137544713310123257e+02
2.985945665430306804e+02
3.289545944139783273e+02
3.172266716386954499e+02
3.144665699643413177e+02
3.064915592955172201e+02
2.930484683017025418e+02
2.924030242870725260e+02
3.196995901782352689e+02
2.890446571695962348e+02
3.233113885531043366e+02
3.172070085055758568e+02
3.168516489815472141e+02
2.985311919317490492e+02
3.029907241122950268e+02
2.962974556242776885e+02
2.904178669687598813e+02
3.019570074222402241e+02
3.233507258350199436e+02
3.104858389481422023e+02
3.169919403779812797e+02
3.287431328016787688e+02
3.279963300752827990e+02
3.077420701748582132e+02
3.230853500108941034e+02
2.939564176930807662e+02
3.157773027756406918e+02
3.093952238431679689e+02
3.000537740587543567e+02
2.900196167751817029e+02
3.161810272432385318e+02
2.983492228142376916e+02
2.929944455081608794e+02
3.067103062318040543e+02
3.171759919286189415e+02
3.258202204813138110e+02
3.280855801690422027e+02
3.177536110702893666e+02
3.281689237645801427e+02
3.130297937497771841e+02
3.066714714349075166e+02
3.345001813840256659e+02
3.003957142627541543e+02
2.986539768613989736e+02
3.282660234125222019e+02
3.258654527423289551e+02
3.156544360435726162e+02
2.999401794146696716e+02
3.090623673411959089e+02
3.192285931588609174e+02
2.999673440170935237e+02
3.294687796412459875e+02
3.170989371752098123e+02
3.312804720732194710e+02
3.149287474720991327e+02
3.077357450210856769e+02
3.102286785576022226e+02
3.142110863963386578e+02
3.244090300100546074e+02
3.219964168238071807e+02
3.028916524040027412e+02
3.339879827456278463e+02
3.321068409990498935e+02
3.096616429023224555e+02
3.224138496179381832e+02
3.298538331561338168e+02
3.210736863661483653e+02
3.000739364982882762e+02
3.295893492123487931e+02
3.045817882078597449e+02
3.182574089490447591e+02
3.251634800393762248e+02
3.069703722433615667e+02
3.172030906679091800e+02
3.045090301298908457e+02
2.940967336340240763e+02
3.286717221433144687e+02
3.062248010227188502e+02
3.109361279696067299e+02
3.218801798705727037e+02
3.091600711348343680e+02
3.445001972596624569e+02
3.193163245852279601e+02
3.294424207490413323e+02
3.232331118121614963e+02
3.454215381485282705e+02
3.061426629618094921e+02
3.315410608590617016e+02
3.217856560810450333e+02
3.466043573631017694e+02
3.196690067407744777e+02
3.282882075594217781e+02
3.102393163263598694e+02
2.890209077569618898e+02
3.337246653945904882e+02
3.233585648802388732e+02
3.163156598513222661e+02
3.347054365797608284e+02
3.259363644466073424e+02
3.303708445439760908e+02
3.129581858692654350e+02
3.196390105364168335e+02
3.339649416283751862e+02
3.069070695810885354e+02
3.137331159251461941e+02
3.183556042392777954e+02
3.359226638012962098e+02
3.297720457279180550e+02
3.237272256131992094e+02
3.495083112603060727e+02
3.348539197688666604e+02
3.124538045210800306e+02
3.265260223041288441e+02
3.309118673308944949e+02
3.101764593098988598e+02
3.526139962113274464e+02
3.306488178824576494e+02
3.275003201410937095e+02
3.376219043878439265e+02
3.214364952397169759e+02
3.424314658828415077e+02
3.499408904908767681e+02
3.352589979136014335e+02
3.176286413311314050e+02
3.257791470976210348e+02
3.341780469624274019e+02
3.295377003417067954e+02
3.202532922095982144e+02
3.377061030542895423e+02
2.746779528014718608e+02
3.321624386690517667e+02
3.179224690823626815e+02
3.236996603174985125e+02
3.064479423278597778e+02
3.239248750667720742e+02
3.269247619731278292e+02
3.533436541842077077e+02
3.217119697874425128e+02
3.475733289497808869e+02
3.246137686885313087e+02
3.261094851992745589e+02
3.321405597255210296e+02
3.372013353850567228e+02
3.386703984923689745e+02
3.237122991545401760e+02
3.500005603307639035e+02
3.274145673696068002e+02
3.239948081050487190e+02
3.432179589029565250e+02
3.523141973521342720e+02
3.412731184927239383e+02
3.624013747721809864e+02
3.553100838944109796e+02
3.428381842564999147e+02
3.314232784528372235e+02
3.513587533702487349e+02
3.390479334560283178e+02
3.294078793977126907e+02
3.409227313782922693e+02
3.393393334882935619e+02
3.448981831312995041e+02
3.412732949070128257e+02
3.286245455238902764e+02
3.351073287477429403e+02
3.492283916039188512e+02
3.395228826823292252e+02
3.227230819291683588e+02
2.974904036491859642e+02
3.406770038485699956e+02
3.332290241950357768e+02
3.443677178251500095e+02
3.166570988221136531e+02
3.378056924536592192e+02
3.389687231224101538e+02
3.431537600320006050e+02
3.394377755756111128e+02
3.532851939383573949e+02
3.650969475282092276e+02
3.345564345405780386e+02
3.447473327995762702e+02
3.362519673539460996e+02
3.391614603915678003e+02
3.397800981575367700e+02
3.415891654802267112e+02
3.364961193815112210e+02
3.348517227862890877e+02
3.474434747002243853e+02
3.258037254080664411e+02
3.506493178778685547e+02
3.479427650706797976e+02
3.504177866126278218e+02
3.449636004019827169e+02
3.278311871518015437e+02
3.255075363287447772e+02
3.414362139540785961e+02
3.287273008292170857e+02
3.180061756332567597e+02
3.326073215751325733e+02
3.343910675878233292e+02
3.413499430274569022e+02
3.262717369399553036e+02
3.402677365997144534e+02
3.365918518397651837e+02
3.366459465751170796e+02
3.428842349182531279e+02
3.349529469342834318e+02
3.335972015423699304e+02
3.340619983556154011e+02
3.648899187904805785e+02
3.358451767507976911e+02
3.291731625945252517e+02
3.418710583364326681e+02
3.389822717366571396e+02
3.278714084284398496e+02
3.399880360339065533e+02
3.502162659883072706e+02
3.408231099789057339e+02
3.370952256968809593e+02
3.318196275377355846e+02
3.280119963773288418e+02
3.307599389299431323e+02
3.325288247552181247e+02
3.377858445494074999e+02
3.353665083742553179e+02
3.475830019436531302e+02
3.294665838181132358e+02
3.342317325661655900e+02
3.515780167177505859e+02
3.385711047819677333e+02
3.471437449449171595e+02
3.219491225702786892e+02
3.443348548275471899e+02
3.348948795019576892e+02
3.396239074799636342e+02
3.280916257030996803e+02
3.516886127625580798e+02
3.370566580740768927e+02
3.322176077784751556e+02
3.361043931267487892e+02
3.390115227743029322e+02
3.414819898654170061e+02
3.415304669610956694e+02
3.392451267284181995e+02
3.280076653380211837e+02
3.384063193146444064e+02
3.327655417774926718e+02
3.329809435361491410e+02
3.182450297029665762e+02
3.402422568878511129e+02
3.467096718850406205e+02
3.382516168524022646e+02
3.318124910786898454e+02
3.378222481467838065e+02
3.459386265413726846e+02
3.236748234942933209e+02
3.256350336196151147e+02
3.220353946708547710e+02
3.222561729562448249e+02
3.345340729266671360e+02
3.472876794921302235e+02
3.137624370215006024e+02
3.370788898897626495e+02
3.489048395387257528e+02
3.273505658219692691e+02
3.267176996311526409e+02
3.313115996073218525e+02
3.472661448504181294e+02
3.316428438515664538e+02
3.400591868742121164e+02
3.288601044692806568e+02
3.314490294651582758e+02
3.259163043091750751e+02
3.435507118100326807e+02
3.338940972896504604e+02
3.387418241361484661e+02
