1.298018541359367006e+01
1.355568513324105950e+01
3.044668197531248310e+01
9.188176369074556149e+00
2.093150061012569907e+01
1.173453239954911886e+01
6.707115966611083024e+01
3.327280366125733480e+01
8.495308816895965620e+00
3.900823642142010783e+01
7.960116129063960599e+00
1.125691462168017942e+01
5.960279585761992571e+00
3.377769304792268912e+01
3.271274086386760871e+01
2.581648385412955804e+01
1.034743160696397801e+01
9.337667579074560464e+00
1.438651992371999029e+02
2.236391018101219075e+01
1.834508146056814439e+02
5.052361095639857780e+01
7.236851037561042688e+01
7.065479139044255419e+01
5.948649240316176900e+01
7.584859327778222848e+01
5.126239149723969746e+01
5.252162343996801042e+01
7.840388039903596962e+01
9.446757577353207580e+01
4.694716644666834782e+01
4.793877639386911937e+01
5.325476032691207706e+01
8.907477799380343697e+01
1.668281005401412926e+02
4.868655875275010914e+01
1.836966997472562753e+02
1.845693403974232467e+02
1.140755211778244274e+02
1.820648928833853404e+02
2.529017893193922930e+02
1.792266247981279719e+02
1.279582842630119472e+02
2.472172933334840081e+02
2.713066137671624460e+02
1.757106402972704586e+02
4.694812861019987338e+01
2.357111761215341801e+02
6.958069699323391433e+01
3.004730059479780948e+02
2.779121184958959816e+02
2.647104941872606787e+02
2.656161358588032613e+02
2.782833737124301479e+02
2.936008316948931451e+02
3.033075801298707006e+02
2.741447973252129486e+02
3.034984806239177146e+02
2.256161862977217822e+02
1.568358336387681220e+02
5.449672476661539378e+01
3.566997140886505235e+02
1.686640568276710042e+02
3.023502156302438379e+02
3.633877429379623436e+02
3.405072625430792641e+02
3.500439329999134088e+02
2.394663515657438779e+02
3.814263443285837525e+02
3.670378511638188002e+02
3.624721716076288089e+02
1.921176520828547609e+02
3.561357499228315078e+02
2.061791830525204716e+02
3.764436772576895578e+02
3.618284397455103090e+02
3.545827375037842444e+02
3.344603575958120700e+02
3.341653720503909994e+02
3.499436704740419373e+02
3.539319764105364357e+02
3.420957151100276405e+02
3.565744187755454391e+02
3.489016016237799249e+02
3.362961189951465713e+02
3.498855785464066344e+02
3.031083558728776666e+02
3.580890167391592627e+02
3.701686082756115752e+02
3.526086692337120212e+02
3.650275209305997919e+02
3.247354760219152467e+02
3.673524972652861607e+02
3.437633568845188847e+02
3.611325461837996613e+02
3.272994560173736431e+02
3.237030291721943058e+02
4.224317384092298653e+02
2.742999725207094457e+02
3.691614121810968641e+02
3.508776959233250636e+02
2.989408368654484320e+02
3.343242078042151775e+02
3.019488667939381799e+02
3.197037096898150139e+02
3.224427151287233073e+02
3.436620758424939481e+02
4.287098130034631254e+02
3.852806393632787376e+02
2.854875392689758655e+02
3.081058557198560379e+02
2.930525392474469299e+02
3.044455182125851707e+02
2.830475139277512540e+02
3.144825026629090985e+02
3.334422157048289819e+02
3.208704460515019719e+02
3.220062818163115708e+02
3.173008419223279475e+02
3.083849125772386515e+02
2.975414525882050043e+02
3.049305073375437019e+02
3.369537986937429537e+02
2.851607397794454073e+02
2.809258658422033363e+02
3.187794675188000042e+02
3.246395211972395032e+02
3.134227264908043935e+02
2.955661871577171951e+02
3.093553732168724650e+02
3.230556845759558655e+02
3.015202423851143863e+02
3.120777437797490848e+02
3.037968822019981872e+02
3.197555993094734390e+02
2.999271645810295013e+02
3.162293731546514550e+02
3.175261572456160479e+02
3.184062165320079316e+02
3.117394954363624038e+02
3.123296978242140653e+02
3.162083353220055528e+02
3.029633195124010854e+02
3.067362581542031990e+02
2.970987619598988658e+02
2.951201929190587521e+02
2.832804764839892755e+02
2.875502021660445848e+02
3.235068728250411141e+02
3.034375309934946472e+02
2.691285689050418455e+02
2.970606308841869918e+02
2.827674491739015821e+02
2.793855395763748675e+02
2.735416814957330871e+02
2.674772495401553556e+02
3.126187422853479347e+02
2.817354359461749596e+02
3.138346309303251473e+02
2.947856535575873522e+02
2.733856105272847685e+02
2.973889193804358229e+02
3.047596170862177019e+02
2.870057820803434083e+02
2.841002276818163068e+02
3.050193088122696849e+02
3.149416812188811718e+02
3.180758424116045830e+02
3.187706457985544262e+02
3.492886480203874839e+02
2.540671754410606127e+02
2.995966957860328534e+02
2.941533662921675045e+02
2.848751462487397816e+02
2.492389401293612821e+02
3.436820448906941010e+02
2.961228882910168068e+02
3.854910533162610591e+02
2.531843961435883728e+02
2.578477816878082649e+02
2.570813803573934706e+02
2.672374995210234374e+02
2.528689997022823093e+02
2.737698873482601130e+02
2.524639566353084206e+02
2.533506370303245205e+02
2.881247207173070706e+02
2.474508055690655226e+02
2.523830532133379450e+02
4.620828082778947419e+02
2.498276576106185587e+02
2.208166737904179797e+02
2.705199490744543596e+02
3.342695918660915595e+02
2.789892067279597541e+02
3.746180520235656672e+02
3.378261198230877085e+02
2.128449260405875805e+02
3.920246097999608992e+02
2.538623722642761606e+02
2.551367520387213119e+02
4.338679712479973887e+02
4.932351937196632434e+02
5.021570263248562469e+02
2.098446820668840758e+02
2.500700144052573251e+02
3.450590389429454490e+02
4.204834115357213591e+02
5.539206846387337890e+01
6.507263677536201385e+02
5.086779017675437444e+02
2.641088759781466706e+02
1.304907311079548720e+02
4.580522606196353195e+02
3.100187228471341996e+02
1.411396838908287634e+02
4.581329962701201453e+02
7.958347037068274403e+02
6.374911192295309093e+02
5.772423497396368930e+02
4.366221643639407262e+02
6.403386801373223989e+02
5.746108513055236244e+02
5.995110788247329765e+02
8.353854247027909423e+02
5.814814438965120189e+02
5.429143353966685481e+02
3.970613660478080646e+02
5.923036780143547730e+02
3.706925240052693766e+02
5.741401244679129832e+02
4.956573867281273351e+02
3.863612199134455523e+02
3.709230760878817250e+02
5.050527926744632055e+02
3.429811588600715027e+02
4.174323333191742336e+02
4.024054547695860151e+02
3.343264618021841557e+02
4.697697256295979287e+02
3.216087957995708280e+02
5.937422407599585767e+02
4.581187382312745058e+02
4.163091789960680558e+02
4.538869027157749656e+02
4.374882091115384242e+02
4.561212521804613971e+02
4.130259714081083757e+02
4.934786565327227095e+02
5.301198463110591774e+02
3.865156964104102713e+02
4.840985533506641900e+02
4.379566505970099115e+02
4.268773413071811547e+02
4.178621389373835768e+02
5.650910175821941266e+02
4.301058422901493827e+02
4.132933981133772363e+02
3.777569846712601702e+02
5.686100434217820521e+02
5.813366146864755137e+02
4.472135574298651477e+02
4.258000951337143647e+02
4.112461699359144518e+02
4.034817470472618197e+02
2.038876620740234387e+02
3.504603735962736550e+02
4.334985527390711582e+02
3.756959489258032363e+02
1.935944513367052480e+02
2.023165166482424695e+02
5.808258254276776142e+02
2.077415756307154879e+02
1.943010089743487754e+02
1.975513247429862815e+02
2.006547719684396611e+02
2.128083393161934680e+02
1.966820525583707422e+02
4.025688815287616649e+02
2.070217652125008669e+02
3.866677451139207733e+02
4.066743990003927252e+02
6.000384056339753442e+02
3.902643695847854133e+02
3.100212425823704621e+02
4.229781986678630119e+02
4.067077884917003985e+02
4.166460317253963126e+02
4.008543537199937532e+02
4.029502120093981148e+02
4.166185455812021701e+02
4.452984181896264886e+02
3.945760501533625302e+02
5.474412524217576674e+02
5.411198995599160071e+02
3.875397422981296813e+02
3.817984764549777879e+02
3.676900149252417691e+02
3.992823941477531662e+02
4.381997916134835123e+02
5.052526276123459752e+02
3.750730786658904208e+02
4.072445520976502280e+02
3.998613610223624164e+02
4.678433567900752337e+02
4.118808957875568808e+02
4.695678659963980408e+02
3.728750173881828687e+02
3.760860516756870311e+02
4.133400853043208940e+02
4.559236494267775015e+02
3.776113853901942434e+02
4.135889659441317576e+02
4.186515050919813916e+02
5.394949737825095326e+02
5.567589657236891298e+02
4.824339216795227117e+02
4.250658888164867903e+02
4.660157409762570069e+02
6.171025318633614916e+02
5.237861068899751444e+02
5.558083403433291778e+02
5.979345857178972210e+02
6.600063930061886595e+02
5.218282093231874796e+02
5.797071066730864004e+02
4.807765267920525503e+02
4.521825771310645905e+02
6.028806532731665584e+02
3.708896520635535126e+02
6.480777710207848941e+02
5.222431285562071253e+02
6.080212496228407417e+02
6.056631136626624539e+02
4.570638954338325561e+02
3.448673585272677542e+02
4.287083371922913102e+02
3.683389914700730969e+02
3.809008013791464577e+02
5.920173422677136159e+02
4.095974505799159147e+02
3.280010724514177127e+02
6.385613425892769328e+02
4.872495528120642234e+02
6.220768304012963199e+02
3.915335286374855173e+02
4.197059642196892355e+02
3.819174114913796529e+02
3.421504076269837356e+02
3.676389222097460561e+02
3.914724612136230348e+02
3.827165282753092583e+02
4.051657225377572331e+02
4.184161829698051633e+02
4.389091524209717932e+02
4.889835170075172641e+02
6.270531624648943989e+02
4.717403789816681865e+02
4.569344901629917217e+02
4.896282099799966545e+02
5.814189496227678546e+02
6.066363017619522680e+02
4.985515740373622862e+02
4.400869521035565413e+02
3.678329844532888160e+02
4.567487553720033588e+02
6.315218466503681611e+02
4.296862843434610681e+02
6.638232913332457201e+02
1.015408648243302082e+03
7.821717453429448597e+02
8.986077917393878352e+02
4.547331516825431663e+02
6.778791614025353738e+02
6.804882890812255027e+02
8.240014117015292641e+02
4.885390880462545624e+02
4.138319774370290816e+02
6.478081472133929992e+02
7.080532912760301087e+02
2.878334000841134070e+02
7.471769804116544265e+02
4.971469415301052663e+02
1.180309543001265865e+03
3.646637502636209547e+02
3.692771412317731574e+02
4.095953500045657165e+02
5.522761516178726424e+02
4.064942023343147071e+02
6.100376498275538779e+02
8.439673044759009599e+02
4.716355803654034844e+02
3.869419956762023389e+02
7.288142269888320470e+02
7.447976206140991735e+02
7.421485665711867341e+02
7.103383752230433856e+02
2.918058584967917568e+02
1.011350357474959424e+03
6.820639262630046460e+02
6.744916241323493296e+02
8.891204609009948854e+02
5.837591235746189113e+02
6.025317403079732230e+02
1.349926208021853711e+02
8.233278932843775237e+02
6.105426635585702115e+02
8.471896509206878818e+02
4.866107163451573001e+02
7.391273964030813204e+02
1.527595178656112580e+02
7.238549116381682325e+02
6.571206122560191716e+02
5.793484662075978804e+02
1.371691289630167887e+02
8.762362253715776887e+02
4.212903466373405763e+02
4.377014323855132147e+02
5.434424791772124763e+02
8.549113332761452284e+02
5.174279968668599849e+02
8.223531550779566714e+02
7.270801898713606306e+02
5.024960600487063402e+02
6.115518063498382162e+02
4.541745649226282353e+02
5.706814206064400423e+02
5.088949866291563353e+02
4.856335825590856530e+02
4.866777157818879687e+02
5.843944438258906757e+02
5.500717372212449163e+02
5.185628176088860073e+02
5.907279049773858333e+02
3.746796067675090853e+02
4.980559715963945564e+02
3.993890214714240301e+02
6.020173408254026981e+02
4.123039419086815087e+02
7.729382301509069748e+02
5.080792938454428622e+02
4.164275448699818298e+02
4.507464316077421245e+02
5.326114819206932225e+02
5.191886770354605005e+02
4.944819029908862262e+02
4.762281884689977574e+02
3.711052812835763461e+02
6.295296455398500939e+02
5.704309092362224192e+02
3.576656347650506405e+02
3.694677077272701240e+02
3.728723120220739133e+02
6.060220990313005132e+02
3.728352021715685396e+02
6.547715767772706386e+02
6.140020980440910989e+02
6.830313882960077763e+02
3.700746023600905801e+02
1.622369213202116214e+02
6.654659553993147938e+02
6.021212751602438402e+02
5.227980685497955164e+02
3.921245065470976670e+02
4.576523204943567862e+02
4.054874969164449681e+02
5.406312930014551057e+02
5.529172853177905154e+02
5.998595626769688351e+02
4.234071404602964321e+02
3.810137818073005178e+02
3.719226540357889235e+02
3.748593623658502452e+02
6.044836177354885649e+02
3.774964564970991887e+02
3.802429017963253841e+02
4.446847564955464236e+02
4.006291769057287979e+02
3.776283196978061483e+02
5.733812488558517089e+02
5.334797283312458376e+02
3.831343678480071731e+02
5.356361094259567608e+02
5.633772259484572942e+02
3.776344054312886556e+02
3.725025888467169466e+02
5.089627950160844989e+02
4.033768295942780355e+02
3.707033095074912694e+02
4.093925333718204911e+02
3.411452605070851973e+02
4.426196952401206204e+02
6.085801359836347046e+02
3.747592087610868816e+02
4.616868346836860724e+02
3.788668693884261529e+02
5.324605679383929555e+02
3.847136721651844482e+02
4.198854720476487614e+02
5.744481843071714593e+02
4.439821768077194406e+02
3.958951271299323480e+02
3.972175586553506150e+02
5.569483744229304421e+02
3.802842333927108029e+02
5.860854288083170331e+02
4.185301838878179410e+02
4.109054818531893147e+02
4.416813450625251676e+02
6.239947815667098894e+02
5.856925581155500140e+02
6.137596889828306530e+02
5.833160514508450660e+02
6.577793224463888464e+02
6.378167822270228271e+02
6.316810460620462209e+02
6.326936056424273147e+02
6.394107926036822391e+02
8.954303257381400272e+02
5.742578153781911396e+02
6.327656641870695466e+02
6.300570251692930697e+02
3.908575666276574907e+02
6.393836524325149639e+02
3.803077378679918183e+02
6.735027278278345193e+02
6.596924640265667676e+02
6.679565434003867495e+02
3.808129106311704390e+02
4.502741507360763080e+02
3.831088294353920674e+02
6.481084443365465404e+02
6.022144482196600848e+02
5.882334696508966090e+02
6.009309784480127519e+02
5.208850330723473689e+02
4.699666975007552310e+02
5.839042414227652671e+02
5.720237967126022340e+02
6.243442798107369072e+02
5.135960551792104525e+02
5.868427229335608217e+02
3.666452744557941514e+02
4.057160917336236139e+02
5.870699196809659952e+02
6.584262004556621832e+02
3.428234499510820115e+02
6.062734385617089856e+02
6.648818309328978557e+02
7.448619729674960581e+02
5.836149382687996194e+02
7.121024760640779050e+02
2.317669639317518886e+02
5.881764484319169242e+02
6.404406396336397620e+02
4.771580522392800390e+02
6.208242555854727698e+02
7.334946000021001282e+02
3.575515008995405424e+02
6.574564616037224596e+02
6.630920354394070273e+02
6.415149176741032306e+02
6.104050654283691983e+02
6.226105004234140097e+02
5.218905227818943331e+02
5.210207268357833073e+02
5.734097253949609012e+02
5.825231593286265479e+02
5.775200118847801605e+02
6.490691082782202557e+02
6.789608261345655364e+02
6.383536243180604970e+02
6.146126947278755779e+02
6.514550970996029946e+02
6.451154839114499282e+02
5.157830329289806741e+02
6.134473646770196638e+02
8.457641027548974080e+02
5.927862299828142341e+02
5.960878802156128131e+02
6.323443942991068525e+02
6.692078200122008411e+02
6.521068580401940835e+02
6.490519851965748330e+02
6.538332898524380425e+02
6.406401865673561815e+02
5.502803064893601004e+02
4.070292444559854630e+02
6.571289506954768740e+02
6.489736473229668263e+02
8.372060254970768938e+02
6.528397443854552193e+02
7.891977794925157923e+02
6.691984695393882703e+02
6.217674340192397722e+02
6.748534882782282693e+02
6.768776536658538134e+02
6.496043088275544051e+02
7.675492324192085789e+02
6.334745084921407852e+02
6.555347023001320395e+02
6.307495984799237476e+02
1.009173565908550586e+03
6.336346887556013598e+02
6.346366830046501946e+02
6.669964744089169244e+02
6.541028543961876949e+02
6.557057035885669620e+02
9.027998115113440463e+02
8.801325877060808125e+02
7.909900681228720032e+02
7.490998258468467839e+02
8.779563556049115505e+02
6.849755741243416196e+02
6.468299989405500128e+02
1.065049597520465795e+03
7.768212634933187246e+02
6.463666437245095722e+02
7.280878793146116550e+02
6.606533863704952410e+02
6.753261011468424613e+02
5.374902109318451267e+02
1.084910348772421230e+03
6.330148703700160695e+02
6.093217857658031562e+02
6.829410720892894915e+02
6.587421702427453738e+02
8.356816428564661692e+02
8.698024699535500304e+02
1.051184402771584701e+03
8.523350940220406073e+02
7.992199853110823824e+02
6.502696751212366735e+02
6.369711966024233334e+02
5.589960557274865778e+02
6.597200684365809593e+02
6.457353945382932352e+02
8.876089883578766830e+02
6.273628578430968901e+02
8.791706616077925673e+02
7.535807306851637577e+02
6.314071200114196927e+02
3.685605824374855501e+02
5.650690364386197189e+02
6.643191279478285196e+02
7.753044325697810564e+02
1.346239158253859159e+03
3.618540251310668623e+02
6.313792764270956468e+02
6.076721739097731643e+02
1.070020433344047888e+03
1.650041393284964897e+03
7.229241910681055288e+02
5.476255521529653834e+02
1.252804216554400682e+03
8.638283802931007358e+02
1.072071438110548343e+03
5.156880013779673391e+02
1.541962728195217096e+03
5.404185750284693768e+02
1.448317875904130915e+03
3.771492009426481786e+02
1.036913390924936266e+03
8.681395340088325838e+02
6.774364310860109981e+02
9.929840559299231018e+02
1.055103173389500625e+03
4.664904201746654735e+02
1.481865869141873645e+03
1.240949117448820061e+03
8.165079936285625308e+02
8.341384009681382850e+02
1.031586564253732831e+03
2.144247498258184805e+03
1.329069616173125496e+03
1.190676737129733510e+03
6.268076066084408922e+02
1.060232039472023871e+03
1.179551396742857833e+03
1.331826789422496404e+03
7.303323661242375238e+02
1.413228093979609639e+03
4.653301605219286330e+02
6.730533545624587077e+02
1.129163761630937870e+03
8.638851105375322277e+02
1.441252729136270773e+03
1.060175130976509990e+03
9.689289475089960888e+02
6.067185797632361073e+02
9.957186158106075027e+02
6.626513069591557041e+02
6.298696182065021958e+02
1.384344060706998334e+03
1.264125017655160491e+03
1.136165017664961624e+03
1.247985606092341186e+03
7.791555368912725044e+02
1.306412304122062778e+03
9.191877446350086984e+02
6.128682625443568668e+02
6.804135788000112370e+02
5.559315944315885645e+02
7.432900491967106973e+02
8.223787251245936432e+02
6.230062261570261626e+02
1.129300866570087237e+03
1.158181889779423500e+03
7.957106128929469833e+02
1.095089572176238107e+03
4.007026316756003439e+02
7.962381555062644338e+02
8.700233049020024509e+02
9.030106797979103703e+02
5.465526371951774536e+02
8.162203866437149600e+02
4.767184622788582828e+02
9.574088438260033627e+02
5.274454617214505561e+02
7.147489393643614903e+02
4.769605833576285363e+02
1.165193302449548355e+03
1.130566927137316952e+03
1.015920871598419808e+03
9.187267232877316019e+02
5.683365481401768875e+02
9.608835692893082978e+02
3.574182424130773938e+02
1.129584547726134815e+03
1.210617377520299215e+03
5.358808313140538075e+02
1.070899774296860642e+03
8.704442760573180067e+02
1.177370418773485426e+03
1.146976395976146932e+03
1.172871979525871438e+03
9.132345022798353966e+02
2.332829020569082786e+03
4.117829989650401785e+02
9.738689245385826325e+02
1.008170434208242000e+03
6.960667341083445763e+02
1.124123876908179682e+03
6.069467352721110274e+02
1.178472959853858129e+03
3.691843989247437321e+02
3.415738856262237277e+02
1.148589093692384949e+03
4.649048069301537112e+02
8.977553917356417514e+02
6.929072568261049128e+02
6.800159319619107237e+02
5.195343498518298020e+02
8.140513551724824310e+02
4.845758948773745942e+02
9.741267989845973716e+02
5.730798464468122120e+02
6.669800161576081337e+02
3.652167984671482941e+02
3.727203163860480686e+02
4.255366519088397581e+02
2.250449943237931905e+01
6.187631809783483732e+02
6.733676674351183919e+02
3.910902914156768020e+02
1.000345092417039723e+03
1.022342889389295237e+03
1.196322613068682358e+03
6.039443635866963405e+02
5.954723195825077937e+02
6.785019450799588867e+02
9.434617879637681881e+02
8.587876947603714370e+02
1.618136322298857294e+03
5.381363853040471668e+02
1.750706665304922808e+03
1.979853631744020049e+03
9.109455911047666632e+02
6.630459856041766216e+02
9.193670783778320583e+02
3.605054545382961351e+02
2.360782340706388823e+03
9.203827685344315341e+02
5.945162223615902803e+02
8.433332757810710518e+02
6.978406549246753912e+02
9.584627848543336768e+02
6.592950804914959235e+02
6.453575433874580085e+02
1.981053683430416868e+03
4.068800764220238761e+02
9.705886755558431105e+02
6.262610792868334784e+02
1.296264299001419658e+03
1.207013669014671450e+03
1.056744051830622084e+03
1.035386217935906643e+03
5.211101431256715841e+02
3.127111575144355626e+01
7.034377188129760725e+02
2.636728561673533733e+01
1.632099324743111538e+03
4.278489641995281545e+02
7.506487809917041432e+02
1.409854239910797105e+03
8.616231579355029453e+02
7.693312463089880566e+02
6.300376284057974772e+02
7.124082010759771038e+02
6.601189633675145387e+02
8.179023515039847325e+02
1.478237423642140357e+03
6.033982306633763528e+02
8.675712033278895206e+02
3.192283525839112031e+02
1.678739875065447450e+03
3.707784205170964924e+02
9.573186015061006628e+02
8.635833929369521229e+02
6.195516996925846342e+02
9.143303688670561087e+02
6.472992167712553737e+02
1.508913101424601791e+03
3.742570646664265155e+02
5.030787195301986685e+02
6.463596258443649276e+02
8.786563412248738132e+02
8.620322304954169113e+02
6.356224959743104819e+02
7.483129306591331442e+02
4.524266407990680250e+02
3.846156596789764990e+02
1.752254460372935000e+03
5.630619212630804213e+02
7.927031845584424445e+02
8.689847114733314584e+02
5.455488125511549242e+02
9.007941892580519152e+02
2.738555040377541445e+03
6.581934626120090570e+02
1.648512667534799220e+03
1.035581425374869468e+03
8.974166196610124189e+02
3.720107803740193617e+02
3.759025146687851588e+02
6.180506218267222494e+02
4.855089869929751671e+02
6.549118507983486097e+02
5.911270176364645295e+02
6.122734208346874993e+02
6.398157742741062748e+02
3.782003401630917097e+02
6.660500742430887158e+02
1.660000467675636173e+03
8.148361221232136131e+02
6.986091048692233016e+02
6.334494396944327264e+02
7.860423121176922905e+02
5.648653407071574293e+02
6.795580612831544158e+02
6.785762388659236422e+02
3.712036052519991927e+02
8.228784867373475436e+02
1.072054083209184228e+03
6.494826517251851783e+02
6.070421948729326687e+02
5.781816149384992514e+02
6.623943725891398344e+02
6.170917792605372370e+02
5.827058169894054345e+02
1.340583171807455528e+03
9.202158126583412923e+02
1.040071813281419509e+03
6.671960880843308814e+02
6.141791343020724980e+02
5.970712351335763515e+02
8.699945649033179507e+02
1.083721996752373798e+03
2.547035762464381150e+03
6.367312650583412506e+02
6.721843676552583702e+02
6.754490462935359574e+02
6.266768953926687118e+02
6.773757309074392197e+02
6.709429307865287910e+02
5.691725253878822741e+02
6.734299122466686640e+02
3.608183981091605119e+02
3.708236925028353426e+02
6.583899031221421865e+02
4.902373836971710830e+02
3.535378748820373858e+02
3.000462305050161831e+02
4.461607245376474111e+02
6.707804308481978524e+02
4.041123391958973343e+02
8.115446679904866869e+02
3.548831793059897564e+02
8.232677481835530671e+02
6.195567556692196831e+02
3.720971636364585038e+02
3.442022006978631339e+02
3.660910181439684266e+02
3.712337716688988394e+02
3.422238486509851327e+02
6.926033128646294017e+02
8.286350582312908273e+02
6.743857902239806208e+02
6.206007788896081365e+02
8.859915905493053288e+02
6.089993694435684120e+02
7.123087595757974668e+02
2.678780177373153037e+02
1.128704674099860540e+03
6.626129453018133972e+02
6.241583277066238225e+02
3.706965228819150298e+02
8.599307775520173891e+02
5.011707044894895944e+02
3.891438360724881704e+02
3.023764925261063468e+02
1.510118485981206049e+03
9.731122464310544729e+02
2.304697675037362387e+03
1.403205712191055227e+03
3.597956612387177984e+02
1.781667806262169961e+03
1.068002320339154494e+03
9.451061960800122961e+02
1.382176236574980976e+03
1.151585118928411475e+03
8.800587308498138555e+02
8.458129657770490439e+02
4.117466704514898197e+02
7.810788712084383860e+02
2.741979363180226756e+03
1.544240547196828402e+03
8.238689745743251933e+02
1.335256631462238829e+03
8.761812661940118687e+02
8.308877648861340504e+02
1.085551833361427043e+03
1.165966974974949153e+03
3.822382703424218562e+02
1.106929417082393911e+03
3.545199072263698667e+02
2.891097029034070260e+02
8.881050006231382667e+02
2.995137790134792226e+02
1.606438392933182968e+03
6.658396692171361337e+02
4.716234872888977065e+02
3.429990949614979741e+02
8.098836818815389051e+02
2.807573617756215754e+03
1.369620154320774418e+03
9.142430248032836744e+02
2.772916042442388402e+02
8.867378418977680212e+02
1.130448418452625219e+03
8.852978206998584483e+02
2.537076955729459655e+02
1.176878002816469689e+03
1.059139127066364608e+03
8.999772113091466963e+02
8.921307722215118474e+02
8.700933995696358352e+02
1.489673953304725956e+03
6.250380247578495982e+02
8.862473515738847709e+02
9.796285438739785150e+02
8.799724356787260149e+02
3.190980719010394751e+02
8.728907423429841401e+02
1.118688592230366339e+03
1.082704650535180463e+03
9.680874411902500469e+02
6.143627448017560937e+02
1.095299868930352204e+03
8.612827135933432601e+02
1.861874217348265574e+03
6.381384182813206962e+02
1.055936504566361464e+03
6.182993480594946050e+02
1.142073468112382898e+03
1.640973786313001938e+03
1.879555443651720907e+03
6.266677452199629670e+02
1.782076256616495357e+03
1.205480600126950776e+03
2.331169185277554334e+03
9.063736845552066370e+02
3.042470445958219443e+03
8.205380975374525860e+02
8.881838898787543712e+02
1.818599492688168766e+03
1.281648865514241379e+03
1.005218957411836186e+03
9.126476915548246325e+02
1.129998121262180121e+03
