-1.795042698437222484e+01
-6.004844838997597378e+01
-5.162726284660582365e+01
-6.848519476771240022e+01
-4.450383536283396779e+01
8.970970002132563792e+00
1.360974760476260883e+02
1.090053619533285882e+02
1.627462568483113046e+02
2.546072277850759633e+02
1.867238972459020658e+02
-7.024202541113311327e+01
-7.457326483491365288e+00
-5.461656588455642947e+01
2.151874652319997239e+01
5.289792831607252310e+02
4.050768850381024890e+02
2.994743250639891698e+02
2.774511437809804306e+02
3.427133050683495412e+02
3.488092219998405881e+02
4.002251918765109622e+02
4.009676413577756193e+02
3.939601891767745769e+02
5.308139415119643445e+02
5.884596414308722387e+02
6.574987189575952016e+02
5.433954852674077074e+02
6.224225123259476504e+02
6.495356276483852298e+02
7.767800836171553556e+02
6.921110119608047171e+02
5.172217413681557900e+02
6.183154375221325836e+02
-1.498522285732795822e+01
1.811279003360560012e+02
4.297904181407378132e+02
-9.545652726618182271e+01
5.706519716597359775e+02
5.730737540086964827e+02
8.580085524832899182e+02
7.376173109932287844e+02
9.739852826637497856e+02
8.089933011889746695e+01
5.858290299176966300e+02
4.312950572153502549e+02
1.717339460444138410e+02
5.322915693888965052e+02
3.166457417784835116e+02
1.275291933829865229e+03
-1.873475455593429615e+02
1.598504179767504638e+03
8.428115758029484823e+02
5.459887022215522165e+02
6.727034854818261067e+01
-3.761935588600577489e+02
-7.250338554327937572e+02
-6.063069282676466401e+02
-1.445703802574281553e+03
-1.426185461580899755e+03
-6.380094610200568468e+02
-5.992113183450716178e+02
-7.651143760979225590e+02
-1.328355227725641953e+03
-1.192494760577122179e+03
-9.081248157824434202e+02
-7.997861653410024019e+02
-1.141752882783882797e+03
-1.201903617498348240e+03
-8.580383209287232376e+02
-8.508871489597778464e+02
-8.576401113844548263e+02
-1.198219723255833287e+03
-1.328393539959248301e+03
-1.077588699746674365e+03
-1.205382716093530007e+03
-1.361695105930376030e+03
-1.634518677068986563e+03
-1.058715064597544369e+03
-1.295909924773316789e+03
-1.253631762806511915e+03
-1.146962568886606732e+03
-6.259442140963745942e+02
-3.289509393898864573e+02
-4.382276069905071836e+02
-5.237469011765431333e+02
-4.127002354377988809e+02
-6.613293066492012713e+02
-4.311684434714292138e+02
-3.691473033521854177e+02
-4.830056242707706247e+02
-4.611796624612218807e+02
-4.680308981443453717e+02
-7.348439265349512652e+02
-5.646696824534269581e+02
-2.113979258231856591e+02
-3.072645574454037387e+02
-3.569580126086861327e+01
-1.243498166510441223e+02
-5.009702069144924508e+02
-5.782091814586646024e+02
-1.199284631891769521e+02
-6.539185170122990485e+02
-4.164594953062672857e+02
-3.077574097652648106e+02
-1.678987927809438077e+02
-4.348758835650210131e+02
-3.886982931536360297e+02
-2.292703617876587430e+02
-5.681230466592834318e+02
-5.919379973345926373e+02
-5.358695096617461786e+02
-5.519849306826428119e+02
-5.645565234379072308e+02
-6.079141044738364599e+02
-5.813859187269675886e+02
-2.111108492916711157e+02
-4.937744631294082183e+02
-1.675864098657786769e+02
-2.214457711162662292e+02
-4.568333679461669021e+02
-1.574146876524261529e+02
2.430253488325192279e+01
-4.270860428952046561e+01
5.844734525191099550e+01
-4.342872086665766460e+02
1.416951548546276456e+02
-2.116003560314383094e+02
-5.143976732950145347e+00
2.015280232070635691e+02
-4.929168703547155701e+02
1.497828309273841398e+02
8.648237799017246630e+01
1.389790932047525587e+02
8.980211582353383903e+01
9.939188431619365716e+00
-1.808984866788945567e+02
2.324658443940252894e+01
1.328278116518462468e+02
-3.945900174075402589e+01
1.790923129195341801e+02
4.699904178306976377e+00
-8.071849339783014443e+01
2.575422490768214061e+02
5.894501042020397108e+01
-3.905286751739124611e+02
-2.265965739749679386e+01
6.294428075992940741e+00
-1.065687849427299057e+02
-1.044570071608991952e+02
-2.199528498462804578e+02
-3.156003866824717647e+02
-1.278148008604243824e+00
-3.330598026256372464e+02
-5.865028408739529908e+01
-3.412614301553098244e+02
5.254604789708585599e+01
-7.557617640151585192e+01
-3.470294783559894540e+02
-2.845962527217957927e+01
-1.658056668633246034e+02
1.235237277346956404e+02
5.900551704732995262e+01
-7.314821052185814665e+01
2.077880184378404138e+01
-1.270099278401324483e+01
-2.409884068216555875e+02
5.089742183604138859e+01
1.651054260621447440e+02
2.397847206725106446e+02
1.897838236402689915e+02
1.538680936407598097e+02
6.541330492067473301e+01
-7.677402211497552642e+00
-5.235164836994455300e+02
5.435054940056590311e+01
2.393555661983799894e+02
1.707951497692059490e+02
2.180619456909901714e+02
2.433517507475684170e+02
1.412299093001771269e+02
2.540621879818148727e+02
2.586585227950013746e+02
2.142333095913446641e+02
2.389287722132128806e+02
1.560585954803161712e+02
-1.044522767892126325e+02
1.642510163923558935e+02
1.771930414741873392e+02
1.180095957350932423e+02
1.023097326239110316e+02
9.852070914642220600e+01
8.225789553660422371e+01
7.544428351683264111e+01
8.794973776160225043e+01
2.111706185050156819e+02
1.074441120298072860e+02
1.527471259794218668e+02
1.649951923027881833e+02
1.030786407253551715e+02
8.879076956149243927e+01
1.175705172057125196e+02
-8.979407449198825475e+01
-2.021200843104791645e+01
7.061818963586020459e+01
7.282309235937326264e+01
-1.326670219818015539e+02
1.271531511166122073e+02
-6.329050961640422912e+01
-4.234086507834219901e+02
-4.251906730901230844e+02
-4.543273945909893428e+02
-4.230419583806045694e+02
-4.181314521236087671e+02
-3.584940448982328576e+02
-3.684570964677178608e+02
-4.993055913047199965e+02
-5.030924047670724804e+02
-2.987831059802079494e+02
-2.754734146837707272e+02
-4.252264515230507413e+02
-5.306274530416928883e+02
-4.117198642449227464e+02
-4.327447167470974705e+02
-3.150710072461859568e+02
-2.681630012766418076e+02
-3.982209422817188624e+02
-4.224832687179503523e+02
-1.211250746527908291e+02
-4.227758074777045181e+02
-4.495098521567455805e+02
-3.560371186260541094e+02
-2.427514900308508743e+02
-3.194018993169922283e+02
-4.504036200399963832e+02
-3.154945563143364780e+02
-2.654720048506588341e+02
-2.485685791905233941e+02
-4.454422032458017497e+02
-3.588914936878743447e+02
-3.022044083621678965e+02
-2.038947546112218276e+02
-2.921242892072257291e+02
-2.609871801628988806e+02
-4.922935475207156628e+02
-3.400870595369381704e+02
-3.266722375403314800e+02
-4.712089263565136434e+02
-7.084696594170458184e+01
-5.264799202232362632e+02
-2.820583740982564223e+02
-2.402053471474711159e+02
-2.624773140958903923e+02
2.898552069250482788e+01
-1.390661517303038295e+02
-9.053633488451883693e+01
1.507475201116654873e+01
-5.538843921646390100e+01
-3.847462340655309276e+02
-9.784709002958761914e+01
-4.118116328469953942e+02
-1.080598917242254373e+02
-3.775119660909792856e+02
-3.945624999219199367e+02
-5.556567783036887249e+02
-5.389751108838075879e+02
-3.929267806692705562e+02
-5.028424143943096851e+02
-5.272415844525592092e+02
-4.598469617095546482e+02
-2.910460341164670126e+02
-3.183528363951683104e+02
-5.102396553853103569e+02
-3.711839980296197155e+02
-4.399645928447897063e+02
-4.393512572870562281e+02
-4.129093491672322784e+02
-4.752435427018416476e+02
-4.167752463371376166e+02
-3.851664252436941069e+02
-4.967846717542628312e+02
-4.293937947558603128e+02
-4.670151563031592445e+02
-5.632791934467429655e+02
-5.759080275848435804e+02
-5.812057846362893088e+02
-3.758189924839485911e+02
-4.806489860768273275e+02
-4.670664537879511613e+02
-6.045371813199967619e+02
-5.843212548511917248e+02
-5.605454618954546504e+02
-5.746228866103043629e+02
-5.633536362184190693e+02
-6.343175093460258722e+02
-6.424847067788554114e+02
-5.432696980178911872e+02
-7.181454569162441430e+02
-6.379812587814404878e+02
-5.229470598689497365e+02
-5.895605427420659908e+02
-4.756390683056920921e+02
-5.857287926836132783e+02
-5.619280233056592806e+02
-4.990301966553221291e+02
-6.031639899544790069e+02
-6.391003687378005225e+02
-5.981145351341923515e+02
-6.623961142532258464e+02
-5.850756157283344692e+02
-6.010035383953957080e+02
-5.672781372084928080e+02
-4.881977987062277862e+02
-7.675402188682128326e+02
-4.996256692418835428e+02
-5.452073573657901306e+02
-5.125467421196736950e+02
-8.206637910277530636e+02
-1.046460415138155895e+02
-3.407406281471592138e+02
-5.565730768424174357e+02
-5.180113223607291957e+02
-4.957463954472102614e+02
-4.384718580620833563e+02
-7.366150009397938447e+02
-5.739801898925858268e+02
-5.094724781363095758e+02
-5.843893522025042557e+02
-4.563844823122758498e+02
-6.508450813377994564e+02
-5.019153528241112099e+02
-5.111946814450516854e+02
-5.178245645624793951e+02
-4.647704509430283224e+02
-6.475229168931847425e+02
-4.018570244154949478e+02
-6.131654229761302304e+02
-5.523540026253022006e+02
-5.106641460403197357e+02
-6.459338291354746389e+02
-4.332137174173695371e+02
-6.172740988052848934e+02
-6.479293324751408818e+02
-5.153041612257565021e+02
-5.396308262442694286e+02
-7.448951512422673886e+02
-5.488750252980605637e+02
-7.875721977543862522e+02
-2.335245854666100058e+02
-3.872702135068263374e+02
-9.417357098813070593e+01
-3.866098946159644356e+02
-4.583862560087752627e+02
-5.486494660025335861e+02
-5.390675987382620633e+02
-3.115368663167177488e+02
-4.195025182076014403e+02
-6.346352704853401292e+02
-7.309283630946185895e+02
-6.136920117501401819e+02
-6.396478421677938968e+02
-7.484541047824449151e+02
-1.659979054636559681e+02
-1.369751862556266815e+02
-7.362809635735294478e+02
-3.616015941218587955e+02
-6.055275664656979870e+02
-3.130936051594748051e+02
-5.896896706923348574e+02
-6.972862140224937093e+02
-6.305408491440040279e+02
-3.777399373202557058e+02
-6.111839520063946338e+02
-6.047728418610581684e+02
-5.184725201500453977e+02
-5.557765015737944623e+02
-5.776731102142865666e+02
-4.917886831992887551e+02
-6.527769038381659357e+02
-6.129579380176111272e+02
-2.405486497615223129e+02
-5.528067610993279004e+02
-4.733049661663479810e+02
-6.887730970218193534e+02
-4.240744726446826007e+02
-2.451176654849968770e+02
-3.819837138904116500e+02
-2.425326604975541329e+02
-4.015083806396347086e+02
-2.312302641005794044e+02
-4.811317753831862660e+02
-5.244434361206734820e+02
-7.002512318473304731e+02
-4.863008852031321680e+02
-2.789725665442275044e+02
-6.128375754518128815e+02
-5.416238715791981804e+02
-5.507916625296345501e+02
-8.071392135289102043e+02
-6.156461459167777548e+02
-5.417287043814118306e+02
-8.870502484272361698e+02
-5.766518091421486361e+02
-6.339045626426789113e+02
-4.942351559057343593e+02
-6.566449309206345788e+02
-1.009149807378412618e+02
-2.912749111452081934e+02
-3.385802829683281061e+02
-7.573153159319227825e+02
-4.719130828190581042e+02
-4.981102270869883455e+02
-4.042218404422854405e+02
-5.339309898536605488e+02
-4.931937287554185900e+02
-5.283032154637162421e+02
-7.790053961883468219e+02
-7.957566624464178631e+02
-3.700762681572355177e+02
-6.349606987635514770e+02
-4.600775702734817401e+02
-4.518488403587537618e+02
-3.972796088180986658e+02
-3.138256560094043834e+02
-4.677264691057557116e+02
-4.217299755794193743e+02
-6.043305065008167958e+02
-6.565421380829864120e+02
-5.051425499041148441e+02
-7.972022857421221715e+02
-4.603143442039759066e+02
-5.457459413804846236e+02
-5.327444719487609746e+02
-3.860580227641188458e+02
-4.471154580361381932e+02
-4.513584239674706282e+02
-4.641866934982537032e+02
-3.835633894750231434e+02
-4.009764541428440339e+02
-3.823662727131533074e+02
-3.101594722836950382e+02
-3.213657839442770410e+02
-4.375229332824079620e+02
-3.855756806010763285e+02
-3.276692958778565412e+02
-2.225730910577444490e+02
-1.434176085116359900e+02
-6.890201671555291796e+02
-1.449115230914589176e+02
-7.302729743301301824e+01
2.461908455879251179e+01
-1.242048021042535595e+02
-2.935774947661410579e+02
-1.169325381629239047e+02
-3.147235851896127201e+02
5.479264142168333507e+01
-9.688356958116456497e+01
-9.172362281413915852e+00
2.374588268274884797e+02
-1.300317657238565694e+01
1.200402792293468934e+02
1.900506733149431398e+02
1.184213653523697332e+02
1.349205361500528113e+02
-2.543171559268582769e+02
-2.349763196725663761e+02
-2.255700640546936597e+02
-2.344411225126152942e+02
-1.866529216821615194e+02
-1.190718188868960965e+02
-2.919260141396434847e+02
-2.358273768328675999e+02
-3.359198401576608148e+02
-2.005372593075213672e+02
-3.301811435180308649e+02
-3.291660676900762610e+02
-3.170104684625222262e+02
-2.247505869305017825e+02
-2.595160571716858158e+02
-6.341588342464185644e+02
-3.476797467350367583e+02
-3.471564170836842891e+02
-1.708295009335913619e+02
-2.492320084343683106e+02
-2.057938203739280709e+02
-2.173509544790077541e+02
-1.373031792854237665e+02
-2.699600644235067080e+02
-2.764999675226102909e+02
-2.747644152094300694e+02
-2.969818880667222061e+02
-1.560915665315664285e+02
-4.239526044954047279e+02
-4.348883174695125149e+02
-4.866994745773260433e+02
-4.709289406805639828e+02
-5.086709168877268894e+02
-5.153921752628345985e+02
-4.965939602950701897e+02
-5.052350762737669356e+02
-4.524502661862310902e+02
-6.734527020523051988e+02
-5.756267049614390316e+02
-5.841833689626080286e+02
-7.403776711649304616e+02
-4.865559595753205713e+02
-6.135233179501358336e+02
-5.639411179105007932e+02
-6.170004958542556324e+02
-5.620351858766837267e+02
-5.196212451443442433e+02
-5.428532607481859031e+02
-5.608164547833055167e+02
-4.864904416682800274e+02
-5.520313933777199509e+02
-4.070819113546676817e+02
-5.741592134784137897e+02
-3.578327913126284443e+02
-2.557833525870142921e+02
-5.996662277300658843e+02
-6.318450487162632498e+02
-5.273977040799570659e+02
-4.687434805190698057e+02
-3.962085191345011026e+02
-4.889788282902981678e+02
-5.010195408954725735e+02
-4.681340592523274609e+02
-4.901259248969141709e+02
-4.315733241398015707e+02
-6.843506547703389060e+02
-4.798700793493192123e+02
-5.839838916702528877e+02
-4.792915463294381766e+02
-4.786200424390260082e+02
-8.523473242709322903e+02
-5.084541588085573380e+02
-6.699591556504927894e+02
-5.184865429626676132e+02
-5.740627142194260841e+02
-5.569485270830455192e+02
-6.165310685299241413e+02
-7.294186904749731184e+02
-6.086679212652561546e+02
-5.914557721497644707e+02
-5.331306920158247067e+02
-5.469051839844354390e+02
-4.770880357495377666e+02
-4.924114054805447722e+02
-5.561263046310680238e+02
-5.601267114644642788e+02
-3.760475311679851416e+02
-5.115933740095208009e+02
-5.914159447431622993e+02
-5.187595702059317091e+02
-4.886498610074712019e+02
-4.445457916235709490e+02
-5.602243454370242262e+02
-5.226002343366523064e+02
-5.369563014657826443e+02
-5.975321915293817483e+02
-6.055383382412683204e+02
-4.980296913289488998e+02
-2.506326435731634206e+02
-5.531736468466082215e+02
-6.240877356360264230e+02
-5.011802342519861782e+02
-5.800751158207760909e+02
-4.306585001458855118e+02
-6.682530999119784383e+02
-3.436055792809293621e+02
-5.274696221226732860e+02
-6.542787518363168147e+02
-4.857311616655936746e+02
-4.109918909424085882e+02
-6.867758428368199475e+02
-5.614968839234427378e+02
-5.508616906627574963e+02
-3.120162522554356315e+02
-6.468902002859844060e+02
-6.209859783462935638e+02
-2.338556476010404594e+02
-6.854784942008022881e+02
-6.518039064938374167e+02
-3.844479364471926033e+02
-6.352741413394003303e+02
-5.979449888945501925e+02
-6.429877346600250121e+02
-5.387942711891831777e+02
-6.227074165053212482e+02
-5.482419254594227596e+02
-6.526064838443222698e+02
-5.948275806100803038e+02
-7.473630221062544479e+02
-5.477087330486059500e+02
-7.621624492024764095e+02
-5.078823327811510921e+02
-6.797325782976135997e+02
-8.542395457609299001e+02
-5.245263277664932957e+02
-5.738531738874029315e+02
-5.647649408428025026e+02
-5.494974321864704052e+02
-6.621810474969030338e+02
-4.832640318726382702e+02
-6.586442089925653818e+02
-6.029263281116444659e+02
-5.466873689040955924e+02
-6.148643044605067871e+02
-6.974319492541003456e+02
-5.895395802641953651e+02
-5.962786044521195663e+02
-5.860343026911472180e+02
-4.700601091701976202e+02
-7.022206964947864662e+02
-5.274954498594720462e+02
-5.521442333539215497e+02
-6.138255447436981740e+02
-5.526652039615956937e+02
-5.593408199490601191e+02
-4.951197417885222194e+02
-5.740381545402848360e+02
-6.491277657220992978e+02
-5.097071892100017294e+02
-5.221746119591645083e+02
-5.732554004463493129e+02
-6.393332656533492582e+02
-5.767436229342720253e+02
-4.638996696918515568e+02
-5.795853420080394471e+02
-4.805598457923127853e+02
-5.788201586935299474e+02
-5.544680809900658005e+02
-5.534044682939725135e+02
-6.025467052276854929e+02
-4.867189623204515101e+02
-5.640260644347641801e+02
-4.553616473051548041e+02
-6.770026645799788412e+02
-4.112569177739806037e+02
-3.637273830177834384e+02
-5.743017532043900246e+02
-5.376576094302770343e+02
-5.082813464480931316e+02
-6.004177737429139370e+02
-5.480238931326249485e+02
-5.165035604642963563e+02
-5.049439706199361240e+02
-5.041770061263773073e+02
-6.239895949064209617e+02
-5.015091899694279505e+02
-4.917487960472598161e+02
-5.241168837713236144e+02
-5.237843335003922220e+02
-4.544223459618417564e+02
-6.822886814106632301e+02
-6.166606368930878261e+02
-4.699637340658153448e+02
-4.880696962289883345e+02
-5.841003752540653977e+02
-5.599271577390619541e+02
-4.643099458703433697e+02
-4.815827579058348533e+02
-4.920710390155430787e+02
-6.524812222490663771e+02
-4.332709149294225881e+02
-3.857689608062212301e+02
-5.143268541388464428e+02
-4.990365084294821258e+02
-4.832372822500009306e+02
-8.295646108841300475e+02
-4.320702575343568128e+02
-5.593263536974239969e+02
-4.740431570672642465e+02
-4.083537293659531429e+02
-6.624828683530661237e+02
-5.752101413027794479e+02
-4.746494365852727242e+02
-5.928745317592262154e+02
-7.409277305475767434e+02
-5.477191348465233887e+02
-4.116836218480789285e+02
-4.374093404433237993e+02
-4.433941149745870121e+02
-6.113153788726209541e+02
-4.832998318867025773e+02
-5.182759010789301328e+02
-5.244314538169041953e+02
-3.556031891633758164e+02
-4.856533934740849645e+02
-4.542578936626273389e+02
-4.559320616841821447e+02
-4.868391485366161646e+02
-3.835539721820286445e+02
-4.121629540249106185e+02
-4.231064216011135954e+02
-5.797840388164675005e+02
-4.484978390279416658e+02
-5.245397240389670515e+02
-4.914484359343383062e+02
-5.362440960582666776e+02
-4.707630710828564133e+02
-2.642763167099225825e+02
-4.313884065852092817e+02
-3.499675354139747014e+02
-4.585464137636681130e+02
-4.986425572413714917e+02
-4.028015153362542264e+02
-3.608805044867651191e+02
-4.392774738413249338e+02
-4.105513031622785434e+02
-4.842906912726120368e+02
-3.705317263169558828e+02
-4.403700856219031721e+02
-5.258251460372075599e+02
-5.838455182349027837e+02
-4.014513483332664805e+02
-5.671107766912788293e+02
-4.813025592540869297e+02
-3.947623952188972680e+02
-5.400081904089546470e+02
-4.183763512103999460e+02
-5.884504220342731742e+02
-4.504914428057163605e+02
-4.693109397209610165e+02
-5.963461132967522644e+02
-5.393808713444777823e+02
-6.150614688114203545e+02
-5.061412440465368263e+02
-5.798825447458356166e+02
-5.136458500509204441e+02
-5.055237759476432302e+02
-5.077329137395167891e+02
-5.695238955106739240e+02
-5.491915533137680541e+02
-4.049537358676083727e+02
-5.052057095632453638e+02
-4.559668574845478588e+02
-4.883769086952626139e+02
-6.190570551183375301e+02
-4.966093239895411102e+02
-5.873336392621559980e+02
-5.174883429130848072e+02
-3.665669735807551319e+02
-5.195186028376308514e+02
-4.847205174682811730e+02
-5.173326736515795119e+02
-5.226802552280665850e+02
-5.327372592749212572e+02
-4.641810212575837795e+02
-5.135336919714600299e+02
-5.072113534074642871e+02
-5.256241793301313692e+02
-5.019001270124824146e+02
-5.051247890010864126e+02
-4.616220673497876419e+02
-4.385556186662631717e+02
-5.640171084940916444e+02
-6.931353349117447351e+02
-4.875457277761353225e+02
-5.823273670104075563e+02
-4.288128610149618680e+02
-5.091803295720070537e+02
-5.139160654248607898e+02
-5.716139045165602965e+02
-5.357992240507547876e+02
-4.996939985929096224e+02
-5.499793180891094835e+02
-7.075665014978814042e+02
-5.489749745695033880e+02
-2.672147282292413024e+02
-5.174191167224906849e+02
-4.927523035504081577e+02
-5.261658773049690581e+02
-5.156783838331671177e+02
-5.244226637831256994e+02
-5.018585055931953320e+02
-4.880125664664848841e+02
-5.575360196420099328e+02
-6.255583345829351174e+02
-7.066030660281612654e+02
-5.624170743632065523e+02
-5.368127579257950401e+02
-3.796826971861347602e+02
-5.584457015835009770e+02
-4.531093856619703502e+02
-4.881528904010668271e+02
-5.453365200847572396e+02
-4.509550197552707687e+02
-5.994886357997035020e+02
-5.610756789015607637e+02
-5.277521831323419974e+02
-6.318713500637968536e+02
-5.657937241666395494e+02
-6.914183101965994638e+02
-5.672358285995677534e+02
-5.733315994536590097e+02
-5.706134142555980588e+02
-6.166799557151222189e+02
-5.641789960988396615e+02
-5.248519833452252215e+02
-4.625396725364855115e+02
-5.507475065826064338e+02
-5.521169044948060218e+02
-8.478132618099733691e+02
-5.155758659001372735e+02
-5.854368140308218926e+02
-4.426231519350904478e+02
-6.254132837946960990e+02
-6.196610835386134113e+02
-6.045093903754859639e+02
-5.607703143934908212e+02
-8.062006346527335836e+02
-6.180976388416389682e+02
-6.292207680740681326e+02
-6.175120975491394120e+02
-6.168784947365470543e+02
-6.880313194845700764e+02
-5.796275737569987996e+02
-4.372385823843230241e+02
-5.413077719424842371e+02
-5.587268917338772098e+02
-4.831931604076989402e+02
-4.182998019967355958e+02
-6.979118475291085133e+02
-4.339477784043813813e+02
-3.699032085757814343e+02
-4.375151113331243096e+02
-4.055744167136687111e+02
-5.703292070687014075e+02
-8.414998911064847107e+02
-5.803577272724952536e+02
-5.865261152099766377e+02
-6.639579288571588904e+02
-4.330348129134382020e+02
-2.523354967705183469e+02
-5.645998839771157236e+02
-4.375896648546377037e+02
-6.540884043203053579e+02
-6.408035970588489363e+02
-4.671323497933821045e+02
-6.533036135598169949e+02
-5.177723174005922147e+02
-5.009465167632575344e+02
-6.546445028760045943e+02
-3.334989852709193769e+02
-4.082721593253577339e+02
-4.104839639500055455e+02
-4.318371113154249201e+02
-6.460136728888610378e+02
-6.862417165455464101e+02
-4.815517798690063387e+02
-6.431424960323357709e+02
-2.962906205661738568e+02
-5.212461884999070207e+02
-5.392634531213016089e+02
-5.219785150323198195e+02
-4.268124038287291455e+02
-5.231889291703773779e+02
-5.440272052182041307e+02
-5.205511894313386847e+02
-4.650468332988118618e+02
-4.945332255534769388e+02
-2.728760641960494127e+02
-6.212395663121321832e+02
-6.158218647179379559e+02
-5.646808332021382739e+02
-3.753356259518774323e+02
-5.572361187066019284e+02
-5.317158011911649282e+02
-3.849601138664956466e+02
-4.984299655332776524e+02
-4.614216656715479985e+02
-4.423738569052069920e+02
-4.770689372427459034e+02
-4.761975671703005446e+02
-4.210139805090045115e+02
-5.318584161434131374e+02
-5.716559520707339743e+02
-5.420626783758998499e+02
-6.938836174486327764e+02
-5.530197046835395440e+02
-4.919385766230339527e+02
-5.247159232020463833e+02
-5.874453563168642631e+02
-4.698540316306281852e+02
-3.976494530292008562e+02
-5.295425576736975017e+02
-5.161654150360110407e+02
-5.461159567998325883e+02
-4.906941064167820628e+02
-3.829394321135666814e+02
-4.541743436660056545e+02
-5.148507026307944443e+02
-5.205966559455744118e+02
-6.707845692103226156e+02
-3.953273375444094313e+02
-5.500610647277936778e+02
-4.539735045503343258e+02
-4.635805389573284856e+02
-4.055815024737601107e+02
-4.248616018620882642e+02
-3.988797657561090091e+02
-4.152846009109499619e+02
-7.598333730625282669e+02
-4.715595574605837896e+02
-4.692363323241576154e+02
-4.792576976009613077e+02
-4.471826082804118982e+02
-3.635044920082052045e+02
-5.777624550334661535e+02
-6.664810399492572515e+02
-5.252649720127050159e+02
-3.571743943203595677e+02
-5.899149755652678095e+02
-4.022571140711376643e+02
-4.626941759675221419e+02
-4.752590001901687629e+02
-4.997820834249448012e+02
-4.051803082589982523e+02
-4.860072790875478859e+02
-4.613743693475380496e+02
-6.081430067197560447e+02
-4.217918542512200588e+02
-4.019782994058887198e+02
-4.089984994919536803e+02
-3.802105553579943944e+02
-3.684859347810583472e+02
-5.578345820816965670e+02
-4.528241604709897956e+02
-6.929299230245189847e+02
-3.657289266460617796e+02
-4.211082887891607811e+02
-3.775036853129338965e+02
-5.074152380540106719e+02
-4.013518208715506717e+02
-3.916854758206025053e+02
-4.357111077449969798e+02
-4.269732127143147409e+02
-4.755886305255198749e+02
-3.119593955521467592e+02
-4.965275466268770970e+02
-3.247224376386926110e+02
-4.257420872090794433e+02
-4.103709436873792242e+02
-3.135051134578126266e+02
-4.672408643317869519e+02
-4.111991886200255522e+02
-3.703218324452932393e+02
-4.358919213153145051e+02
-4.694902774624797530e+02
-4.442119753828256421e+02
-3.324596042519708021e+02
-4.768013435557796242e+02
-3.736955618995859254e+02
-3.167999412593039210e+02
-2.693920939620829813e+02
-5.199466407828198271e+02
-5.042979509221627836e+02
-5.112947155827410484e+02
-4.384890796898709482e+02
-4.244621033281044902e+02
-4.319526147949521828e+02
-3.739193501156516390e+02
-4.353840056835336441e+02
-3.755122414774025970e+02
-4.792423400282024204e+02
-4.057013870800169002e+02
-4.107515152395262703e+02
-4.042196925670577343e+02
-4.665995406577055178e+02
-2.950078756929237329e+02
-4.974348836760291306e+02
-4.389171591635900427e+02
-3.768777505680481568e+02
-4.771250405226533076e+02
-4.134135695699934558e+02
-4.599661607521691167e+02
-4.012179805845568126e+02
-3.250518413480106688e+02
-3.860864309445915978e+02
-3.465979048386704449e+02
-5.251450774868021654e+02
-4.048146649994722566e+02
-3.513729943661826383e+02
-3.272277838447230920e+02
-4.491779071678173523e+02
-3.872193376329689158e+02
-3.175088327505417283e+02
-4.287624146024333527e+02
-3.768460741978033184e+02
-3.103002720872476061e+02
-4.175334162236511020e+02
-4.530746284064330212e+02
-3.740035386101314430e+02
-3.632524116877598317e+02
-3.908401000737232494e+02
-3.707936928893698223e+02
-2.694858701666457819e+02
-4.178468040500851544e+02
-3.230620693643175514e+02
