1.439052224816758674e+01
1.559763843514564208e+01
7.175301102641194362e+00
1.962963868374284715e+01
1.025954686300828911e+01
5.438801802958009191e+00
9.852539289676510492e+00
8.730236705971808675e+00
6.462982055174681939e+00
1.657270255715603113e+01
8.319271899495111811e+00
9.613167791208033108e+00
7.238716840892216453e+00
1.358587269829265232e+01
2.556505961944377958e+01
8.331597341720033967e+00
7.196157068760914655e+00
9.896460915766148503e+00
1.082768351024998310e+01
9.720457540213923053e+00
2.212684049305071099e+01
8.314399864758843961e+00
1.089146500632191028e+01
6.999663548751470010e+00
6.673199581641357625e+00
6.234068664872753018e+00
4.711203720006388096e+00
9.887656657037952712e+00
5.286089839805948998e+01
1.888227235437424056e+01
1.450445112336769959e+01
8.103927014678591334e+00
6.844026747257609955e+00
2.275317048431873701e+01
2.632712639892264406e+01
1.255114155934983415e+02
8.449824678327091476e+01
2.054008418594944629e+01
1.964234286798682305e+01
2.156600625859304614e+02
6.257681048284852920e+01
7.699057118422409474e+01
8.898918456314680370e+00
1.343380344076171866e+02
1.785077211286554757e+02
8.518847724901063145e+01
7.501629851738252341e+01
9.539064348807450244e+01
2.186830039246355568e+02
2.026561915356434440e+02
2.010992529455576516e+02
7.286062465526076437e+01
1.070712653441474771e+02
2.084355569721863617e+02
1.991634590296201850e+02
2.084306571915591917e+02
1.995969126149422550e+02
1.969592138181569965e+02
2.001242233352751327e+02
1.979943072457740527e+02
2.084567738445455234e+02
1.581763939243024879e+02
1.826158837887531661e+02
1.771643453695337769e+02
1.822085039876503174e+02
1.897902364516234002e+02
1.958302379537744571e+02
2.031031102676374189e+02
2.004605279494902845e+02
2.042274657372789193e+02
1.966099180676465892e+02
2.067374338008609129e+02
1.906600998866872487e+02
1.999801746895631425e+02
2.083357114513737542e+02
1.998778876850205393e+02
2.017978445968330448e+02
1.983445283753538320e+02
2.077865916384632214e+02
2.090202501012284699e+02
2.042592172656240734e+02
2.131784138134532043e+02
2.179643920009973783e+02
2.167244157003072758e+02
2.065639190679498824e+02
1.667364377180830672e+02
2.512167534468706833e+02
2.077113326704549081e+02
2.168159694161731181e+02
1.620095319018206226e+02
2.110542215583624284e+02
2.151728634882664437e+02
2.179638945609636380e+02
1.880225354732490359e+02
2.232444088853545736e+02
2.082792626677073997e+02
2.010547570464398461e+02
1.818291998218055596e+02
2.052363754124469040e+02
2.123716669044382286e+02
2.182740304249984433e+02
1.960597460819506921e+02
2.290193969310763009e+02
2.013586829394176334e+02
2.297181811312915727e+02
2.007051354204964753e+02
2.300639269158687341e+02
2.233934705686125994e+02
2.203057730810247961e+02
2.145046323511203070e+02
2.134335155151218828e+02
2.143861498029521329e+02
2.127243609310253873e+02
2.012511094690229640e+02
2.238111416041452628e+02
2.218155150668767419e+02
2.252793006927931856e+02
2.275017897132908615e+02
2.064396859293281352e+02
2.116614200569197521e+02
2.275294076856351637e+02
2.219197400800976538e+02
2.207805895559512805e+02
2.243642304235546021e+02
2.221186331877858606e+02
2.149405343465937506e+02
2.228502021419722041e+02
2.240622661580181898e+02
2.210057138576046611e+02
2.442583495791859889e+02
2.215565297329099224e+02
2.248519385660531782e+02
2.309652693436913182e+02
2.394391211110177267e+02
2.202080246112943769e+02
2.409973961815989014e+02
2.315510443092923936e+02
2.343258495849194674e+02
2.281640824208360812e+02
2.369047202800669254e+02
2.388571933775805292e+02
2.240878538519540655e+02
2.352707538595864207e+02
2.322859913872245556e+02
2.280581375274157949e+02
2.230586408502713311e+02
2.351803762712058301e+02
2.242000500572978581e+02
2.268201834905048031e+02
2.328052629571529337e+02
2.199509630553111776e+02
2.323671997736243213e+02
2.143076096630725829e+02
2.298369412284872055e+02
2.315805905882565696e+02
2.340351434119574492e+02
2.257036200148218938e+02
2.254893805909919138e+02
2.222458997978436912e+02
2.175190321177384476e+02
2.283382078946371792e+02
2.258820902219360676e+02
2.198052819438932772e+02
2.256995177892890467e+02
1.527740256102340197e+02
1.452008662744509309e+02
2.211353536650619560e+02
2.432680093837459765e+02
2.262981124246018112e+02
1.651165304522858150e+02
2.418940715644621378e+02
2.403687502367046420e+02
2.017239591277883051e+02
2.363751840365769397e+02
2.465190977885091854e+02
2.370247309454837250e+02
1.889461552670652225e+02
2.048911562879420671e+02
2.006694396052590434e+02
2.386693470897812404e+02
2.551803513299667543e+02
1.781445661901367430e+02
2.510238147843468539e+02
2.518846061209709433e+02
2.429686326384916697e+02
2.465466605501338222e+02
2.245553168092353360e+02
2.577804157100216571e+02
2.041484331930967073e+02
2.687270573210915927e+02
2.534912647128453784e+02
2.540896703081536430e+02
2.451754199424750880e+02
2.505002646576406562e+02
2.485558973146032145e+02
2.479780674992084073e+02
2.634355352310486182e+02
2.627200254183498487e+02
2.587091587416862239e+02
2.623396670015774248e+02
2.573967156081873782e+02
2.513905314662379169e+02
2.359924055192359162e+02
2.690318726444405684e+02
2.610646791403538032e+02
2.469091561964525852e+02
2.488579853905951325e+02
2.554736310586383752e+02
2.775778412452079920e+02
2.559088512795902091e+02
2.422528395364210212e+02
2.616696753317307298e+02
2.814791954517712611e+02
2.350372793259486741e+02
2.688916555281133469e+02
2.582960471512076879e+02
2.485973695590072339e+02
2.488731622412549314e+02
2.671232431133633440e+02
2.651613998372359333e+02
2.246618939166500013e+02
2.355321696159329008e+02
2.597054668785211788e+02
2.613999602701246658e+02
2.640578883546168072e+02
2.743409071305545126e+02
2.684172387471995194e+02
2.516252226917910377e+02
2.519358305698731897e+02
2.847086198727168949e+02
2.612128096208792840e+02
2.845061692636401744e+02
2.729791795681252324e+02
2.675397718140123970e+02
2.404485511257036308e+02
2.622390636245227142e+02
2.511753101580899283e+02
2.915206480247641139e+02
2.665822277662618376e+02
2.715805064174306267e+02
2.695191531713570612e+02
2.716578815162450837e+02
2.670645367854492633e+02
2.754889041041567452e+02
2.810242944919873480e+02
2.517620357601093701e+02
2.703020345275777458e+02
2.749731323374921885e+02
2.702778112360121554e+02
2.798571131567067027e+02
2.808769353808214646e+02
2.708102007030844334e+02
2.830748421501239704e+02
2.630011688327900288e+02
2.777526775551904734e+02
2.797019820093571525e+02
2.747713806948300430e+02
2.688762911209293520e+02
2.661023908738749810e+02
2.696561673588516328e+02
2.757678194186379415e+02
2.774888429254697826e+02
2.753539453561334653e+02
2.800293343084183562e+02
2.852957910410717659e+02
2.883873705332432564e+02
2.808277525434178870e+02
2.742906869504452629e+02
2.689248459473492403e+02
2.748106233555745348e+02
2.668007721056634978e+02
2.842116662653639878e+02
2.607188761163495769e+02
2.887261248144671413e+02
2.713122360797345323e+02
2.783799513674443347e+02
2.767977344768884223e+02
2.688659472384410378e+02
2.616786502707171849e+02
2.651300272322854426e+02
2.696255632498821342e+02
2.767218185750394355e+02
2.509170939747619400e+02
2.807785338387266165e+02
2.742845153486341587e+02
2.460728642406861582e+02
2.797248689726345106e+02
2.833957181976697939e+02
2.667854974840175259e+02
2.773141111331138404e+02
2.798620721933779123e+02
2.890120491639048055e+02
2.861327771366074444e+02
2.847400670069409898e+02
2.720123898743386803e+02
2.855944659582939948e+02
2.714040220273846558e+02
2.567101203847586248e+02
2.783366041646747817e+02
2.828998794026942392e+02
2.626773425370871564e+02
2.730226507488481502e+02
2.784990789100894517e+02
2.899426897105183230e+02
2.770383725085920901e+02
2.748609645969393114e+02
2.813003189548609839e+02
2.796109097525385891e+02
2.658988957001116091e+02
2.891635949284050184e+02
2.908680692594689390e+02
2.834173833025669751e+02
2.771254535452786740e+02
2.833222240928265023e+02
2.856391710738986376e+02
2.738515492787619223e+02
2.837731368496082496e+02
2.830334970261994840e+02
2.810054493717639161e+02
2.805470264370922564e+02
2.856003650258905964e+02
2.871358489969705374e+02
2.854988276894653154e+02
2.999298992115271290e+02
2.918557955319893154e+02
2.971669196141702969e+02
2.853806972902793859e+02
2.513472244840051530e+02
2.931509481344978099e+02
2.914001836841448494e+02
2.951544952284147030e+02
2.889361805306560314e+02
2.736822003811629429e+02
2.798262507939968486e+02
2.752315523085575251e+02
2.862985321471800262e+02
2.976782685785127001e+02
2.890826280174026692e+02
2.934582323691229817e+02
3.015787181404016906e+02
3.009704877589239231e+02
2.786578209497728835e+02
2.907909365593880580e+02
2.890707866950735365e+02
2.834582210959793542e+02
2.836599833400636044e+02
2.905828475205870518e+02
2.887228172532727513e+02
2.842929404033386049e+02
2.789725428348988885e+02
2.866556720104230180e+02
2.847599802565955542e+02
2.925013133109417822e+02
2.776881826474636341e+02
3.004413612727632881e+02
3.051498015860860278e+02
2.979363338441466453e+02
2.822150951822996490e+02
3.035401183856606053e+02
3.043984592411018184e+02
2.996627485148599135e+02
3.044707582818458036e+02
2.960961064704748651e+02
2.780107539454787684e+02
2.989017805120146818e+02
2.790047152971180822e+02
2.927654822612744852e+02
3.058338719566431791e+02
2.852879251216741636e+02
2.942585188231180382e+02
2.909207596866762060e+02
2.936071848887609121e+02
2.923247971316646385e+02
2.903482969218699736e+02
2.933090991845568283e+02
2.770250759393219369e+02
2.979163700718844439e+02
2.946755800842315125e+02
2.818373360224701969e+02
2.968178068284464644e+02
2.968889546134666944e+02
3.003567371535440316e+02
2.848072382509844829e+02
2.676235900219576820e+02
2.844676906530623341e+02
2.839476344490656743e+02
2.968112026183038665e+02
2.876321366409820826e+02
2.932673171358988498e+02
2.937443353366127781e+02
2.803624480024142258e+02
2.909011586122465474e+02
3.032333026542552830e+02
2.741000694287686770e+02
2.921769775192921088e+02
2.925765911325615320e+02
2.903433823078422620e+02
2.860695413333501733e+02
2.909046321613087116e+02
2.998158157040263632e+02
2.851512315550621111e+02
2.746908436377319163e+02
2.893934363900182802e+02
2.920176300701829177e+02
2.866655925630900015e+02
2.802640626950708338e+02
3.055954607320954892e+02
3.004600311785732174e+02
3.038213422652971758e+02
2.860330065317630215e+02
2.920360586237699749e+02
2.917352930842266119e+02
2.938221425807566334e+02
2.920330120106199843e+02
2.921919761603259076e+02
3.042932592359991872e+02
3.086929753513610990e+02
2.853440172083866173e+02
2.959761320111079499e+02
2.954863644630804629e+02
2.997424787126537353e+02
3.040323104890184140e+02
2.956293622101959500e+02
3.077727916360063318e+02
2.867817969712602348e+02
2.921540491505149930e+02
2.909097652750093630e+02
3.018271844069690815e+02
3.017915664755684020e+02
2.965277833991338525e+02
2.941032745668671851e+02
3.005299465619106059e+02
2.828758986860919435e+02
2.989531600569095531e+02
2.935897911452836979e+02
2.870531141804564186e+02
3.004739186575936856e+02
3.057727350920708886e+02
3.009358574274429543e+02
2.981443660769558619e+02
2.878795205907360355e+02
2.972411097495580066e+02
2.779396353933609021e+02
3.003501200093987222e+02
3.010503867596281680e+02
2.924078862187246273e+02
2.940142658958925495e+02
2.996365665880194911e+02
2.980188074667429419e+02
2.988581231536193172e+02
2.958793594181237268e+02
3.012663517686356158e+02
2.997658776782186010e+02
2.907241509732264149e+02
2.895725528230915415e+02
2.855983689629187552e+02
2.937251728292436610e+02
3.074908444576258830e+02
2.945866967915274586e+02
3.036184205092851585e+02
2.929964867727773026e+02
2.901102455475902389e+02
2.987923474462337481e+02
3.024794501021422661e+02
3.130752868753602911e+02
3.056903364255143742e+02
3.035683025103758155e+02
2.904118413345837553e+02
3.028528914878418163e+02
3.168906471507045239e+02
2.959580565984701934e+02
2.917658871206182880e+02
3.036633108396565603e+02
2.864114816376328463e+02
3.073171265339881302e+02
3.161063456697646075e+02
3.005290142910965869e+02
2.859629901898569528e+02
2.992619131709116687e+02
3.055104890274816398e+02
3.046585955382860789e+02
3.067174274541359296e+02
3.034712996499967517e+02
2.810022001918871979e+02
3.030376214893386191e+02
2.926909162225500722e+02
3.070009753478522043e+02
3.178179914179459047e+02
2.980862492822975582e+02
3.050956531377227634e+02
3.134874837744088154e+02
2.801150817877895065e+02
3.019344417075434421e+02
2.912043229757064182e+02
3.009691979060784206e+02
2.982112971420347094e+02
2.928614196773258982e+02
2.944584993184869859e+02
2.972099708509214793e+02
3.040113623480339129e+02
2.983044768397360826e+02
3.032012707398019415e+02
3.089719374321254008e+02
2.935233347450463270e+02
3.077092090610801733e+02
2.986235488901125450e+02
2.930785060460488580e+02
2.930521004526162869e+02
9.107685995950267621e-01
3.035417378735846228e+02
3.048623072559515776e+02
3.073880876716322064e+02
2.863935622955459053e+02
2.821781618381323824e+02
2.880451094969852761e+02
2.942291807924966633e+02
2.970713729711723090e+02
2.944605659900192336e+02
2.891782279308444004e+02
2.950576937124031360e+02
2.902429957858506100e+02
2.830812236537437911e+02
2.395591794785987716e+00
2.869759437122216923e+02
2.634710325828685313e+02
2.967660715411677756e+02
3.053765482303111298e+02
2.842243199384039372e+02
2.829184508186182256e+02
2.918117040983308357e+02
2.732562318461030486e+02
2.873518523329182131e+02
2.965703986853318384e+02
2.865905878520090369e+02
2.905782230032137932e+02
2.989522426826333685e+02
2.997427965036559954e+02
2.976380127427866000e+02
2.958842752915849701e+02
2.863855863505456796e+02
2.957164737927262763e+02
2.967959788938574661e+02
2.903734761231382890e+02
2.814085118787219244e+02
2.980056001737458473e+02
2.923684231109703546e+02
2.967552286981622842e+02
2.956948135145839274e+02
2.855443253394353746e+02
2.987027154140785683e+02
2.942214980744651029e+02
2.858846913418360600e+02
2.985467437566695708e+02
2.871223203520448237e+02
2.906148192121310672e+02
3.033031235930280900e+02
2.785226806910092705e+02
3.024953279289916850e+02
3.117385307065147231e+02
2.947833064782681731e+02
2.913168776343382547e+02
2.928303502626040427e+02
2.912327645648394991e+02
3.222916458590283355e+02
3.126122122959026797e+02
2.997769178597084192e+02
3.060089776888776782e+02
3.024573651820650184e+02
3.028569775038272951e+02
3.094811973013213446e+02
2.995581849565339212e+02
2.902976686066739944e+02
3.015533729747800180e+02
3.105605155626449800e+02
2.934587139157940783e+02
3.086084204518114689e+02
3.176807889001567560e+02
3.055248534143934762e+02
3.203797469170249883e+02
2.980809333849735481e+02
3.004270897311962472e+02
3.210502245659478717e+02
3.164449167456017449e+02
3.052804063116964244e+02
2.829417512156081784e+02
3.082566740460532628e+02
3.171045827778204966e+02
3.078254998342307545e+02
3.165388904110336625e+02
3.064582432636197495e+02
3.026352251955037787e+02
3.234816404469694930e+02
3.048890678951117934e+02
3.177384847161314951e+02
3.110617888348634210e+02
3.168918062840451739e+02
3.065979168436209079e+02
3.001817560417456434e+02
3.166861432615089598e+02
3.124910135130440381e+02
3.225710525551311889e+02
3.438826165220767734e+02
3.050373687630632276e+02
3.135640555109550860e+02
3.147459274659400990e+02
3.086754366019730469e+02
3.165543405060958548e+02
3.020149799736851151e+02
3.089394476788916677e+02
3.024185467816844266e+02
3.358769328576163389e+02
3.126763493208517843e+02
3.164698115755928711e+02
3.175045107101998951e+02
3.186577651471786226e+02
3.140838991129436408e+02
3.204901349386627771e+02
3.143894557300350812e+02
3.347688118520600256e+02
3.226989735075214867e+02
3.103775120888943775e+02
3.230649450185990759e+02
3.128492480958368560e+02
3.225104173707949258e+02
3.390486505544290594e+02
3.321849442396664358e+02
3.170569526307259594e+02
3.357666704558924380e+02
3.333200700651767647e+02
3.296142378744978032e+02
3.191693226059763333e+02
3.295313107211559327e+02
3.322005447667098679e+02
3.130320340064776587e+02
3.193241810087670274e+02
3.153548023108110101e+02
3.316100585025544092e+02
3.384223301893411531e+02
3.152232187768805716e+02
3.117544024636601421e+02
3.212341378004262538e+02
3.276858139987220966e+02
3.020401898512909611e+02
3.019930813468828887e+02
3.190566698800551535e+02
3.206464886960412741e+02
3.298801241183493858e+02
3.187040849147236372e+02
3.189793979135270661e+02
3.122373502071147300e+02
3.118211518838762117e+02
3.225021022824079751e+02
3.367217428442173173e+02
3.316584665227508140e+02
3.362207553007564229e+02
3.223913391497386556e+02
3.167715532305346642e+02
3.383971378733083952e+02
3.185379492098048786e+02
3.147176660031743722e+02
3.185144328014254143e+02
3.446285037396307303e+02
3.187589810115148339e+02
3.123915167608393517e+02
3.381328407202970538e+02
3.069655393197762692e+02
3.154223519960874000e+02
3.212862846958317391e+02
3.171616901868561058e+02
3.185850805296283852e+02
3.342628500249468857e+02
3.281096503746464919e+02
3.234053461163214251e+02
3.262238434191917236e+02
3.125715261938001959e+02
3.037662320383863062e+02
3.239972141046465595e+02
3.243952993448274924e+02
3.225647845293711953e+02
3.120829813658962166e+02
3.087686428391185700e+02
3.364349538376367263e+02
3.149604719915149644e+02
3.403516095719971872e+02
3.286474279152272970e+02
3.144306127861680125e+02
3.310203428062889657e+02
3.372475493330055087e+02
3.093950800330140964e+02
3.188765805272752800e+02
3.219539345242902755e+02
3.245453912675743027e+02
3.015625474714861411e+02
3.196406086628502976e+02
3.235717500935888324e+02
3.190603679835500088e+02
3.264844525110304971e+02
3.170140745490552376e+02
3.153340732808895837e+02
3.196124379827667212e+02
3.282798740335940693e+02
3.358870925365359312e+02
3.276584784884857982e+02
3.344570284305082168e+02
3.222400868483623526e+02
3.075208156942204027e+02
3.291979828609644869e+02
3.326778521245269644e+02
3.390030734382511355e+02
3.289213596284500909e+02
3.127764724267367455e+02
3.319033257082042496e+02
3.270843051505065091e+02
3.082977032743707468e+02
3.247557413403494024e+02
3.382545144328250899e+02
3.106574255787484731e+02
3.053395107772890356e+02
3.092126342225903386e+02
3.231049706024369357e+02
3.316768325724810325e+02
3.261224983455489905e+02
3.139375311869652023e+02
3.212900137650375996e+02
3.345983985710034290e+02
3.177074590991116452e+02
3.066694274147630495e+02
3.001572942343200907e+02
3.223933982448114079e+02
3.094061534253526133e+02
3.475560556399456686e+02
2.992718245622392601e+02
3.383165879747568852e+02
3.098048780564697040e+02
3.309322120463713190e+02
3.178376469507824709e+02
3.010276096810208060e+02
3.238776006580272337e+02
3.106738588583436353e+02
3.318503368344189539e+02
3.203274772522358944e+02
3.272967605506839845e+02
3.268172748721347602e+02
3.274173009459379386e+02
3.265317242384226688e+02
3.246390373936569063e+02
3.408205291683972860e+02
3.264199168642850282e+02
3.453734325994727214e+02
3.281166070103810739e+02
3.250067220166683342e+02
3.353270875467968040e+02
3.336076745110249249e+02
3.195233762543394960e+02
3.170069858278749848e+02
3.078638135184669977e+02
3.321432229508207001e+02
3.313417775689434279e+02
3.049748724912931834e+02
3.252304113846968789e+02
3.213331542493567667e+02
3.167839508431009676e+02
3.231600000656102338e+02
3.069255505082387572e+02
3.373547453989055498e+02
3.301896997948095418e+02
3.223058338049201552e+02
3.216165092553905538e+02
3.272863092119723660e+02
3.407080464661445376e+02
3.187916936196149891e+02
3.098391140139492563e+02
3.348440226376959572e+02
3.333021845044631277e+02
3.231640520033320172e+02
3.030837128170185792e+02
3.360151854080642693e+02
3.237061666464447285e+02
3.211208872804369321e+02
3.204603744666732155e+02
3.363415981384242173e+02
3.283986286007300350e+02
2.989886820434857100e+02
3.308620527912510738e+02
3.150563162960042405e+02
3.480349479027090638e+02
3.149604266635026306e+02
3.148605547765626511e+02
3.141081037802436526e+02
3.175091620284505325e+02
3.242353039493111169e+02
3.138725568715428267e+02
3.180987183409722547e+02
3.240570702322430066e+02
3.310211839280584627e+02
3.204825356255454949e+02
3.117260538961102725e+02
3.345454223252057204e+02
3.060219234235844397e+02
3.246843915751256873e+02
3.097133198408333215e+02
3.291957756303607994e+02
3.340498332768933665e+02
3.576103912934307800e+02
3.201899903093614626e+02
3.306490385840825752e+02
3.344472851401905018e+02
3.522632343508242343e+02
3.341654413954983056e+02
3.318765633768221619e+02
3.319875264922177394e+02
3.272937206547273945e+02
3.368511478768690495e+02
3.529610588641605204e+02
3.258152128809247756e+02
3.344612869808628375e+02
3.324861712579168511e+02
3.441175666701437876e+02
3.409387151299193874e+02
3.345697421414076302e+02
3.194676457847723441e+02
3.303450929125696121e+02
3.240431771428453089e+02
3.149416616975983061e+02
3.206949824170999364e+02
3.297603158803178758e+02
3.441946812503024944e+02
3.100081885900177667e+02
3.421609968665651991e+02
3.332738150237021273e+02
3.224101160747756580e+02
3.321367936481666447e+02
3.310594826127027090e+02
3.345877326208736235e+02
3.231980234880922467e+02
3.232646497245829664e+02
3.483505862477813366e+02
3.389349943254310347e+02
3.492521230448386973e+02
3.303770686030143793e+02
3.404474193666558790e+02
3.275645508860876021e+02
3.494310026083646790e+02
3.300045367155277631e+02
3.215043085910386367e+02
3.422066695349795395e+02
3.185914554744662155e+02
3.228222501263201707e+02
3.361376241911485749e+02
3.438606416892720290e+02
3.362435024006537105e+02
3.433569680677055658e+02
3.419928279748485807e+02
3.335970554354988167e+02
3.399876758516116979e+02
3.479754791828124780e+02
3.363629707989710482e+02
3.396455836542622819e+02
3.420335329955363477e+02
3.351745163652554993e+02
3.437977772773836023e+02
3.418055841570682105e+02
3.391486617291154175e+02
3.673960701554922821e+02
3.370308254254743474e+02
3.368800743334941217e+02
3.267496875355756174e+02
3.647699779979251389e+02
2.835260094470638137e+02
3.265798724601577874e+02
3.535675334607553850e+02
3.562638854053909085e+02
2.861309606677673401e+02
3.437011064698814380e+02
3.532856988986239344e+02
3.681273959558095612e+02
3.482925026214711011e+02
3.236966932799343226e+02
3.246479282049726862e+02
3.154600386305280608e+02
3.282274533111506116e+02
3.408475424201424175e+02
3.407264660095123645e+02
3.237463752254717519e+02
3.078059515024170878e+02
3.507249388288418572e+02
3.303910973703182776e+02
3.431879156515058185e+02
3.546116496563095097e+02
3.521122258878309594e+02
3.352021154527161571e+02
3.443770519597080124e+02
3.439424829561308457e+02
3.511498755664438249e+02
3.490680262248504846e+02
3.682346841634926591e+02
3.321451314263979384e+02
3.365827919155095174e+02
3.635130646250734685e+02
3.626031141136363090e+02
3.347750539651941608e+02
3.484717245689935226e+02
3.563449654335457240e+02
3.522250622851281037e+02
3.583146902191671188e+02
3.585322646528416612e+02
3.584059155244517001e+02
3.647019996476827259e+02
3.523728175173291675e+02
3.534811456352175014e+02
3.462811323912972057e+02
3.602765477184995007e+02
3.609976997735104192e+02
3.394820083912953237e+02
3.423169048373578107e+02
3.633549339221742684e+02
3.709262146838912031e+02
3.459260958610533976e+02
3.412852548452730730e+02
3.438139357700557071e+02
3.434410703018252775e+02
3.454556527391459895e+02
3.114129583359292042e+02
3.446187144513608587e+02
3.364443072485568678e+02
3.467726168131781037e+02
3.483489819376667924e+02
3.650588437068790313e+02
3.414430346126857785e+02
3.789677455834637954e+02
3.477949558573917557e+02
3.590968224319942692e+02
3.552193969470469028e+02
3.593838100651443028e+02
3.553121947809721632e+02
3.678867343059482096e+02
3.632145076549782630e+02
3.872090715443774229e+02
3.677044892129176787e+02
3.394912134784103159e+02
3.624952379640992035e+02
3.541837083430157804e+02
3.411787606059158975e+02
3.816253640086753194e+02
3.285865206418217781e+02
3.600099598941882846e+02
3.635542149213065954e+02
3.634800391517300113e+02
3.531278944055427473e+02
3.523845181189439586e+02
2.837782544222475281e+02
3.481123944345895893e+02
3.500096198252589375e+02
3.337973280292002869e+02
3.494189959997316919e+02
3.563376847014318400e+02
3.737823676395268535e+02
3.509435572937019856e+02
3.691004480581798930e+02
3.303364715629847979e+02
3.475857456278508266e+02
3.347654935152622215e+02
3.425146930686406108e+02
3.522955341481070946e+02
3.517341825207373631e+02
3.531283928354280874e+02
3.560982715516926191e+02
3.458756209387795479e+02
3.529924911806588170e+02
3.809457113845685399e+02
3.641591701101472722e+02
3.585716063166378831e+02
3.593603859270446037e+02
3.442333254997903964e+02
3.768947569819104615e+02
3.131908735478904191e+02
3.517008959324622310e+02
3.624376701918040453e+02
3.726952348030513917e+02
3.661976794565500199e+02
3.655750766650690480e+02
3.409458334144460991e+02
3.642737976720847541e+02
3.512204360293656578e+02
3.521220508054341849e+02
3.715072301020027226e+02
3.718005401264936722e+02
3.499139390033973314e+02
3.580622178321963816e+02
3.933898520468329707e+02
3.876537425993936381e+02
3.926000515979478678e+02
3.808781826942563384e+02
3.617805710246371405e+02
3.844641434983278714e+02
3.648518468828920618e+02
3.425443075565122513e+02
3.676449978532965019e+02
3.008357866815583748e+02
3.567474487661996250e+02
