-2.457909298403065179e+02
-1.062411539256318918e+02
-2.693835162923863891e+02
-8.248306464264345550e+01
-1.964497592014930660e+02
-2.406136567983165548e+02
-2.447682425612570967e+02
-1.753513595918946066e+02
-1.716373442519870594e+02
-1.522082458216678447e+02
-2.053708624652872743e+02
-1.823909472879885811e+02
-1.979455505206425698e+02
-1.970607649424846102e+02
-1.880654792834995135e+02
-1.609088145790431668e+02
-1.458206401943947412e+02
-1.402128103948222133e+02
-1.986620741268287702e+02
-1.253973422125652633e+02
-1.468369329112369428e+02
-1.494668693500870233e+02
-1.460133064466248243e+02
-1.694593242210817152e+02
-1.235441320554281930e+02
-1.079287284709877497e+02
-1.187507451818669466e+02
-1.235497973577587629e+02
-1.173553853963803704e+02
-1.549249136361499950e+02
-5.967585351613701761e+01
-8.372233114936510390e+01
-9.402497782876568522e+01
-1.513813433176506180e+02
-1.484169497866186305e+02
-7.132863941704455613e+01
-1.075521337448188746e+02
-2.585607906721948268e+01
-8.342269451376206746e+01
-3.330356824421942008e+01
-9.514814932650004664e+01
-9.097486821734041484e+01
-1.034073977042988730e+02
-7.974880412828662202e+01
-5.347255262528828723e+01
-3.093451656263911431e+01
-8.640289233101225363e+01
1.284375284420287144e+01
-5.781837569819375489e+01
-4.512458697238730565e+01
-1.860583637046639183e+01
-1.381906997997381659e+01
-3.932536366927197946e+01
-7.490016698472739165e+01
-7.196607911909845257e+01
-3.496855341657627037e+01
1.657747154159024205e+01
6.889250589459170460e-01
-6.003989119777298100e+00
9.267980780206787728e+00
5.170006969033490662e+01
2.852049740947641610e+01
4.426774880511099752e+01
3.086679728690171842e+01
2.824194775821817416e+01
2.732845993805203122e+01
3.579394940744239761e+01
7.270482181659342302e+01
4.169606428734419268e+01
1.962730563450680847e+02
2.429079754187431917e+01
4.250032621765474516e+01
1.500246612865810505e+02
1.432337324869392603e+02
6.714774572591521462e+01
2.826176499781224649e+01
1.080763063419907013e+02
7.450435307912552219e+01
1.260329062890304073e+02
1.152946928557032464e+02
1.741043769002928343e+02
1.396337078283341953e+02
2.278888753748120166e+02
5.244957097544946123e+01
1.303826842079061521e+02
1.262800417113526237e+02
2.981760935973641153e+02
1.950411629718075233e+02
4.713300410074752023e+01
1.685913079452134582e+02
6.607276028923310207e+01
3.170079921100724505e+02
3.866170424883532633e+02
3.277961259720863154e+02
4.649020491711583247e+01
3.044507200107901781e+02
1.665302602867375015e+02
1.437773771209102449e+02
2.957929314669752330e+02
4.163912020016102815e+02
9.716162324436534448e+01
1.684365897472304994e+02
1.940572831352727121e+02
2.459423650923329205e+02
1.729629131823817261e+02
2.701914600727311040e+02
9.504260711214222113e+01
1.914259905188945936e+02
1.861034723043591157e+02
9.362914456794503337e+01
2.718480141908478345e+02
3.840763283379795325e+02
2.689404994395390531e+02
8.294927809459513810e+02
2.793784649587570357e+02
8.164493652599961706e+02
2.711627490872645581e+02
7.157637720671530133e+02
5.325262524348673878e+02
5.225815882168340067e+02
5.978156750320779338e+02
5.613197040096450792e+02
2.940133914732131757e+02
2.608416241797348789e+02
9.582657943579156381e+02
2.744457561662537159e+02
1.867129447899548325e+02
3.253103732634832568e+02
1.198758908119481021e+03
1.051832801247483985e+03
5.680417575003814363e+02
5.199169480910312586e+02
9.527727500092928494e+02
1.876963837904418995e+02
8.115452834046658381e+02
1.113395970696231416e+03
8.872694796544451492e+02
9.488923568321899893e+02
1.361576559762048646e+03
1.061518431411126812e+03
2.832964664534373469e+02
3.762461921446405313e+02
1.021015777269091359e+03
4.512375350798955083e+02
1.255342150738325245e+03
1.322624208401560054e+03
1.443209728734535020e+03
2.574406662198968547e+02
1.504354556756818965e+03
1.468139512119641722e+03
4.468695846586499556e+02
3.347872630441071351e+02
1.446645196920220087e+03
7.126759394811818993e+02
4.462633870079198459e+02
1.222919886092373417e+03
1.006951160638026977e+03
3.530882591512611839e+02
8.309630897739707507e+02
1.631882398332470302e+03
3.937155180583302467e+02
1.658267563424054742e+03
1.657515847092786998e+03
1.565029612504950364e+03
1.197715720279466723e+03
1.626730524785760053e+03
1.722231434941510088e+03
1.706046261288246569e+03
2.877634014395246709e+02
1.719204994096477549e+03
5.808540001560735391e+02
1.562151500318568651e+03
1.566321131144147103e+03
1.451163541714149005e+03
1.581184570271163693e+03
1.562651473817155420e+03
1.679009612113304684e+03
1.584132106579400897e+03
1.693026455519909405e+03
1.671269013227754158e+03
1.819354185645354619e+03
1.736284708623868028e+03
1.639273306794400924e+03
1.813581818302834790e+03
1.716439451916813823e+03
1.841769385907117794e+03
1.732275397420015906e+03
1.895881623013078070e+03
1.636479402634012558e+03
1.673218100592336896e+03
1.619836608828542467e+03
1.663655252102049417e+03
1.791161511933976271e+03
1.859535034493199646e+03
1.717213176268732013e+03
1.700222932980715541e+03
1.789118617115485222e+03
1.728292449146765421e+03
1.739615149031723831e+03
1.847114181606118791e+03
1.901371010148769074e+03
1.924405386560279567e+03
1.931663531385564283e+03
1.861742112252482229e+03
1.968031831532971410e+03
1.898609302491214294e+03
1.921726302105544846e+03
1.903421191253773713e+03
1.948748057547209555e+03
1.736945229873112567e+03
1.948680581052171647e+03
1.880147078239323946e+03
1.998947390137223238e+03
2.021257835308911126e+03
1.918440215015349622e+03
1.977577803476634472e+03
1.962789103163328036e+03
2.042340759571324043e+03
2.057310395930348022e+03
2.090695297535927693e+03
2.084682519330397554e+03
2.014776621060896787e+03
1.905696413692484612e+03
2.032716778375675858e+03
2.175116488090929579e+03
2.128266653120969750e+03
1.959457819107120031e+03
2.094951523727287167e+03
2.166361038083576659e+03
2.165994212908082773e+03
2.021528444301636682e+03
2.242798699289084198e+03
2.191182391303042550e+03
2.235077609182519154e+03
2.061079825511141280e+03
2.308762461676174098e+03
2.043385107714736932e+03
2.098292582268561091e+03
2.301112634912833983e+03
2.158755716643076539e+03
2.177449420751436264e+03
2.410134892388902699e+03
2.179272239165718020e+03
2.381038016787024844e+03
2.216084446697404474e+03
2.250423672685096790e+03
2.216759456429159854e+03
2.347037870201857004e+03
2.416225263709122373e+03
2.348856880106856806e+03
2.259006625205232467e+03
2.495672223043640770e+03
2.372083355322114585e+03
2.445466971983549229e+03
2.345268648984898846e+03
2.463439856943669383e+03
2.546621741743945677e+03
2.475518203798132163e+03
2.284381513942510537e+03
2.511194597593916114e+03
2.436141171965119611e+03
2.522743678293436915e+03
2.463375762976208989e+03
2.463503136541035929e+03
2.453262345383646334e+03
2.492158847970667921e+03
2.598364051907116391e+03
2.598961156621463488e+03
2.581818397012052628e+03
2.622980368617621025e+03
2.411312710328599678e+03
2.566777042512366734e+03
2.461549752444148908e+03
2.671945230101699053e+03
2.520567727799981185e+03
2.694019277735581909e+03
2.629186289293413665e+03
2.796475216606893810e+03
2.634044748707753570e+03
2.555582464472624451e+03
2.662852083989819675e+03
2.678426825458769599e+03
2.660355410080146612e+03
2.526468421075743208e+03
2.750139411910713534e+03
2.553416553203870535e+03
2.608894881156288193e+03
2.733245989572542840e+03
2.676407385556459758e+03
2.920600279872760439e+03
2.662446359137744366e+03
2.754480279222741046e+03
2.768933225032342307e+03
2.770730164182677072e+03
2.938968526384703637e+03
2.788193890607432422e+03
2.749250536880442723e+03
2.739902679893785262e+03
2.769977538703211394e+03
2.831505365534046632e+03
2.753630129619521540e+03
3.016650987536750563e+03
2.942894150245532273e+03
2.800432116419849081e+03
2.898979256287742373e+03
2.914021192654111019e+03
2.918706180563960061e+03
2.893605593872928239e+03
2.857601550523319474e+03
2.811951290410866932e+03
2.744916869215886891e+03
2.850630142790613718e+03
3.062335481018943028e+03
2.843041304537193355e+03
2.876138202085827288e+03
2.998697931100336973e+03
2.960235228308833484e+03
2.985493272419234017e+03
2.960902687715748471e+03
3.040643557117879027e+03
2.934927642677906988e+03
3.005427483038659375e+03
3.127692962548676405e+03
2.974918719409435653e+03
2.948326565251372358e+03
2.923098979041702933e+03
3.137505661121573667e+03
2.941416168396795456e+03
3.036335145123320217e+03
2.950498648153505656e+03
9.774230785539018598e+02
3.067948738500609579e+03
3.022937659230821737e+03
3.024162509800633870e+03
3.035227320514414714e+03
3.025506600570188766e+03
2.968064080335794188e+03
3.070954281987028025e+03
2.971642867800977456e+03
3.211885576557232525e+03
3.150535867196196705e+03
3.065824494232330380e+03
3.170932476153382140e+03
2.989297625173979213e+03
3.157120774936194266e+03
3.076290182901389016e+03
3.122170355678171290e+03
3.164287313168090350e+03
6.402382162897299622e+02
3.215411270687457090e+03
3.091199078978646412e+03
2.952394881848568730e+03
3.056132443235951541e+03
3.127135255484925892e+03
3.146903703419830890e+03
3.207346252324108264e+03
3.061607196455982375e+03
3.123130425134361303e+03
3.185855211948950000e+03
3.152846653921992129e+03
3.214522894378635556e+03
3.103363567003900698e+03
3.122748394369889411e+03
3.111826596069829975e+03
3.094209419948677350e+03
3.107472935687915196e+03
1.738907745690356705e+03
3.174224199318145565e+03
3.175411902654336245e+03
3.234468553250912919e+03
3.282537643163173925e+03
3.158628434578827637e+03
3.105331352532243272e+03
3.182363678111466925e+03
3.260843920429115769e+03
3.275813994923923929e+03
3.285939625930400325e+03
3.277322653856694615e+03
3.176281926188579746e+03
3.258045585918222969e+03
3.207755833230345161e+03
3.202460521657643312e+03
3.284358799166372592e+03
3.268221669041263340e+03
3.284881105343137733e+03
3.072950377659147762e+03
3.356780274455315066e+03
3.323975250805944597e+03
3.189592716110912988e+03
3.329142293530847382e+03
3.308376318463225743e+03
3.131813002797615809e+03
3.348334560638555558e+03
3.253135293558981630e+03
3.327360901967371319e+03
3.326567454738381002e+03
3.362552864510592826e+03
3.272645308727292104e+03
3.314386908061105260e+03
3.280209706434869986e+03
3.358799708189786088e+03
3.181274914113624618e+03
3.143761895968664703e+03
3.343474037500137456e+03
3.282297386803762947e+03
3.257973270153170233e+03
3.394076309484083140e+03
3.130867789190271196e+03
3.417183797639500426e+03
3.243289456094610614e+03
3.292617668781684642e+03
3.275342151840397491e+03
3.330120724132613304e+03
3.286364288587615647e+03
3.330814713421801571e+03
3.414506753603721336e+03
3.186039956518974122e+03
3.363822419034537234e+03
3.387668004610437947e+03
3.400428546641457615e+03
3.389557322712481437e+03
3.416351109883491972e+03
3.285997720062718145e+03
3.416095431929030838e+03
3.408801538593849273e+03
3.305400392159389412e+03
3.333860648824447253e+03
3.553508723496079256e+03
3.350633614483550446e+03
3.399315615883392638e+03
3.542812715455447687e+03
3.473112293440806752e+03
3.509188276982289153e+03
3.482927857322045384e+03
3.466749450670150054e+03
2.514586229650949008e+03
3.447976920663892543e+03
3.435413333434725700e+03
3.355614308306446219e+03
3.449458139677772124e+03
3.574987935769308024e+03
3.364424890356278411e+03
3.433273563942865621e+03
3.542991137740144040e+03
3.491853111827633256e+03
3.485274453865195483e+03
3.387840794852541421e+03
3.468993895788574719e+03
3.482385614956771860e+03
3.504816417240267128e+03
3.417590160774019751e+03
3.480638267483782329e+03
3.452537025940036074e+03
3.417632955403420965e+03
3.565487750323197815e+03
3.469869070013343844e+03
3.572768551174622644e+03
3.561766464290003114e+03
3.406070486717401309e+03
3.515980771832573737e+03
3.542358288951570557e+03
3.430309557193626461e+03
3.544777939452574174e+03
3.512716538547452274e+03
3.684937872353013063e+03
3.607887438199765256e+03
3.435643804545979037e+03
3.529043026044189446e+03
3.522765692784711518e+03
3.381107153922585894e+03
3.613320736928092629e+03
3.513809064984385714e+03
3.496962542573011888e+03
3.616827293206713875e+03
3.486845472336043258e+03
3.596261416616439874e+03
3.530612990976710535e+03
3.631460936899393801e+03
3.526021795325769290e+03
3.696323253553810446e+03
3.681696557695018782e+03
3.643905230320039209e+03
3.511881192511832523e+03
3.553073543906927625e+03
3.380384688975248991e+03
3.662662521396992815e+03
3.635428871009577506e+03
3.727538134054164857e+03
3.538676616613382066e+03
3.598004621754956133e+03
3.728252698480761865e+03
3.702712558716735202e+03
3.556736495765507243e+03
3.453566028312732215e+03
3.608812897124855681e+03
3.620932959517903328e+03
3.636031118092199904e+03
3.683958669819484385e+03
3.762895118844712670e+03
3.611750887479238372e+03
3.718422121169251568e+03
3.676713146394169598e+03
3.509512435096125955e+03
3.541191145910225714e+03
3.717477471199647880e+03
3.614854896521371302e+03
3.666465193759297563e+03
3.723276921331284939e+03
3.686663594063923483e+03
3.676869512563894205e+03
3.687563182392512317e+03
3.728136286885948266e+03
3.680003477879877209e+03
3.662606821253859380e+03
3.750915609198827951e+03
3.684541767848231302e+03
3.625851370235337072e+03
3.702486227182825587e+03
3.857912296550406609e+03
3.774451911883546472e+03
3.715817960635999953e+03
3.674818627229000413e+03
3.547255710906429158e+03
3.813261007481758043e+03
3.697081386541888605e+03
3.725573428205653272e+03
3.760252218032591827e+03
3.641915498393001144e+03
3.784692546767617387e+03
3.796682825225104807e+03
3.630346625065375974e+03
3.685132441731653671e+03
3.638259767185777491e+03
3.670483762856599697e+03
3.794558004369677292e+03
3.648032449663138323e+03
3.692846814456005632e+03
3.592817683032810692e+03
3.618561413188953338e+03
3.847278271379243051e+03
3.749292308315345963e+03
3.652278738332115154e+03
3.819787347694937580e+03
3.842589840355078650e+03
3.829975389402075962e+03
3.651309638860916039e+03
3.761388774691456547e+03
3.690289183493513974e+03
3.799374719984881267e+03
3.678252942267251001e+03
3.801795409705845486e+03
3.786775736532605606e+03
3.800842863415050488e+03
3.767056694883603541e+03
3.837392505275382973e+03
3.689603713729708033e+03
3.798055309402105195e+03
3.710991420210028537e+03
3.729040073725908314e+03
3.839524879474638965e+03
3.711797055121647190e+03
3.665439508999142163e+03
3.905072970928568793e+03
3.802382480574829060e+03
3.610173999499185811e+03
3.794734441205098847e+03
3.750609798430294177e+03
3.686933049777691849e+03
3.641351352140801282e+03
3.702670541338462499e+03
3.678049513969823693e+03
3.624631244627370961e+03
3.815121773110314280e+03
3.814108932578049917e+03
3.842333475934548915e+03
3.869235425049201240e+03
3.788615694018132672e+03
3.901554329782452896e+03
3.745224580764331222e+03
3.881389805643989348e+03
3.850664345854651401e+03
3.754714693651494599e+03
3.704195829775158927e+03
3.729465781283205160e+03
3.739357548000864426e+03
3.776373215959475147e+03
3.737600375436727063e+03
3.836308903892514081e+03
3.820073340762135558e+03
3.856742768941586291e+03
3.717999761286406738e+03
3.780315435758067906e+03
3.788628777705931498e+03
3.712943550611738829e+03
3.927418289469891079e+03
3.780354726929587741e+03
3.764349038927951369e+03
3.870480073862511290e+03
3.799241549151370691e+03
3.760638367784604270e+03
3.883108738249220551e+03
3.894162509857140321e+03
3.858891818132218759e+03
3.935188017334060532e+03
3.853509446031886455e+03
3.833002971256143610e+03
3.813046477429072183e+03
3.869088325732867816e+03
3.786076852213746861e+03
3.817381576441282959e+03
3.852484313520295927e+03
3.832054286868314193e+03
3.875010130416872926e+03
3.839445726396944337e+03
3.840541705779051881e+03
3.875618842443325775e+03
3.880160665298471031e+03
3.733249058437942494e+03
3.922606039667939058e+03
3.880843762997988961e+03
3.932940473794652007e+03
3.908468309242011401e+03
3.864767669654676865e+03
3.867726714329219249e+03
3.989267756041280791e+03
3.897870786744204452e+03
3.794296484591024637e+03
3.783656361366858164e+03
3.791183089942809602e+03
3.885647792455318722e+03
3.970201752021782340e+03
3.815703771485438210e+03
3.835834382114487198e+03
3.810034678463671298e+03
3.831001504853196366e+03
3.851372425482411472e+03
3.854218679448129478e+03
3.779529874371380174e+03
3.795056482922183932e+03
3.568685078822587457e+03
3.889623727794876231e+03
3.820798507776351471e+03
3.872047365834130687e+03
3.729805681971413378e+03
3.861436668017267039e+03
3.904773501091490743e+03
3.942104226850181021e+03
3.937035815752859889e+03
3.833039982494038668e+03
3.766108349083905068e+03
3.761823012116457448e+03
3.761162895817278695e+03
3.956423573272728845e+03
4.046588159922959676e+03
3.954120171710015711e+03
3.845515438235696820e+03
3.974629068326525157e+03
3.967065870686653852e+03
3.905952599106618891e+03
3.974038678570201682e+03
3.968986186259679926e+03
3.902135869630807520e+03
3.916143948893676679e+03
3.870796786827199412e+03
3.933935815348246251e+03
4.057334593856580341e+03
3.998589365914060636e+03
3.937341701470171756e+03
3.740121334656229010e+03
3.967171071717656559e+03
3.918625101495913441e+03
4.040279442984117850e+03
3.931049410334998811e+03
3.948404509062047055e+03
3.995803891346421096e+03
3.748309840705690021e+03
3.843607304532688431e+03
3.833323440591843791e+03
3.781167940259040279e+03
3.905132139451137846e+03
3.995058185524680994e+03
3.964758301105384362e+03
3.924210079311849313e+03
3.935465447726459388e+03
3.911914930971943249e+03
4.025383113492312987e+03
3.957233221750535449e+03
3.830449731664117280e+03
4.022139116869042027e+03
4.068495914504361735e+03
3.949604937920545126e+03
3.972242327457825013e+03
4.097994394019457104e+03
3.938309591549392280e+03
3.978359342251160342e+03
3.974738973958771112e+03
3.827713275989121485e+03
3.922079902434237738e+03
3.835634045752148268e+03
3.797243177336678855e+03
3.950846185414534375e+03
3.965488219169879358e+03
3.810531026283082156e+03
4.013650704116846555e+03
3.969085375230833051e+03
3.793951702653997472e+03
3.967645349372620331e+03
4.028138382257538524e+03
4.058627234724779555e+03
4.031543634182598908e+03
3.973890942240788718e+03
3.871044241927168514e+03
4.027493428331143150e+03
3.939190973740872778e+03
3.982924334301031195e+03
4.027790576195006906e+03
4.057488794361814143e+03
3.995985033402701902e+03
4.055298336220876081e+03
3.938498019404445131e+03
3.941697998954713512e+03
4.000646104398974785e+03
4.130153438412599826e+03
3.910586437124914937e+03
4.066198961513402082e+03
3.834490813838707709e+03
3.902148195122536436e+03
4.029314349081415457e+03
4.041437539210844989e+03
3.996467147286932686e+03
2.257688823829887951e+03
4.042036440234566271e+03
3.930082234063351279e+03
3.953810606950892634e+03
3.996347224707926216e+03
3.964868260743925475e+03
4.091345434625351118e+03
4.066626841641283590e+03
4.019108831922745594e+03
3.746824900280512793e+03
3.894056259565064011e+03
4.029449638971322202e+03
4.203961317169927497e+03
4.065799813883661500e+03
3.941939962639816258e+03
4.041859603559733841e+03
3.957346344166660856e+03
4.117136461484889878e+03
4.053996373250868146e+03
4.019165130282025984e+03
3.879619058717881217e+03
4.063446299707855360e+03
3.986043037615978847e+03
4.075872784816777767e+03
3.972477273475874881e+03
4.070048073092104460e+03
3.961401133302149901e+03
4.006884884614510156e+03
4.044232627188475817e+03
4.055881531257738516e+03
3.927912493337558317e+03
3.899327253405706415e+03
4.048578245558433537e+03
4.121380128058452101e+03
4.103492089120235505e+03
3.958033097847674981e+03
4.038242149459315442e+03
4.221563086964636568e+03
4.135898975399358278e+03
3.996259999922782299e+03
3.972367574461314689e+03
4.172518512420119805e+03
3.991502684367126221e+03
4.098722582957461782e+03
4.115970585501563619e+03
4.169270656496916672e+03
4.007489605773217590e+03
4.070778971918495699e+03
4.124379271300158507e+03
4.015161884535749323e+03
4.138205776602838341e+03
4.079096898474575937e+03
4.110908947895311940e+03
4.101146950883981845e+03
4.179891452101683171e+03
4.055728144010500728e+03
4.016740395236098720e+03
4.195486250653285424e+03
4.147391549373674025e+03
4.091625035605371522e+03
4.052658682052382574e+03
4.098134793206342692e+03
4.015971432112265575e+03
4.096440906632002225e+03
4.002255652546124111e+03
4.089728006433898372e+03
4.065279665021412256e+03
4.130547247930378944e+03
4.092506487194917099e+03
4.060213919524122048e+03
4.038635943748791760e+03
4.145523824698070712e+03
4.103662576948765491e+03
4.157712445402941739e+03
4.065848843511394534e+03
3.918079339860943492e+03
4.008186475455770506e+03
4.045215562899325050e+03
4.094049250468888204e+03
4.140004528088186817e+03
4.037922263227460917e+03
4.050566288374493070e+03
4.075364181479624676e+03
4.048104446254213599e+03
4.045550462508383589e+03
3.937348669329941913e+03
4.218863800977565916e+03
4.111765111538165911e+03
4.115371089417384610e+03
3.985440614902676771e+03
4.069096284901699619e+03
4.021340157568880841e+03
4.086250368995745248e+03
4.056456826045823163e+03
3.988146874472473428e+03
3.955479506401818071e+03
4.089389106846796039e+03
4.125849665342205299e+03
4.079283044972784865e+03
3.969425126062486470e+03
3.938168063364724276e+03
4.144450580876684398e+03
4.180765499998937230e+03
4.068643942653879094e+03
4.141755393982228270e+03
4.099629605306847225e+03
4.111519498687639498e+03
4.142399859186152753e+03
4.068843045043608981e+03
4.141629353363068731e+03
1.489701413742386194e+03
4.117869960734062261e+03
4.140134606773744053e+03
4.163650947141512006e+03
4.127713837783408962e+03
4.172835124451371485e+03
4.056955308831490129e+03
4.133990323747239927e+03
4.156015354624155407e+03
4.232088077662201613e+03
4.198830604264961039e+03
4.087280357605710833e+03
4.146760817743701409e+03
4.197320668530311195e+03
4.213718123585923422e+03
4.242149062081408374e+03
4.242063029141896550e+03
4.239765522977812907e+03
4.225560355929902471e+03
4.138047663548437413e+03
4.278175704672905340e+03
4.226178137045686526e+03
4.279423108568727002e+03
4.156114311323250149e+03
4.245805886991461193e+03
4.277709058030015512e+03
4.199133330766607287e+03
4.167480038415522358e+03
4.215850552866796534e+03
4.157469393186014713e+03
4.109436289306048820e+03
4.200619877973406801e+03
4.209897282831872872e+03
4.222627688520077754e+03
4.206367815445807537e+03
4.099889268705870563e+03
4.263063975828826187e+03
4.262240815995485718e+03
4.307140010778319265e+03
4.225597955205251310e+03
4.352254321310142586e+03
4.307860117728888326e+03
4.184213658061597926e+03
4.296274866162598300e+03
4.275715268655185355e+03
4.245454254730665525e+03
4.392139690951436933e+03
4.345651015224060757e+03
4.069529079000857109e+03
4.311353496656936841e+03
4.006736344761060536e+03
4.225689772078871101e+03
4.188209220794672547e+03
4.158500710771300874e+03
4.176440512877748915e+03
4.174915367540656916e+03
4.229039284169731218e+03
4.108751029781281431e+03
4.206516269947968794e+03
4.211762497605100179e+03
4.226687419141581813e+03
4.221897084731463110e+03
4.166019701318653460e+03
4.256661399578246346e+03
4.316654534080080339e+03
4.302468858490914499e+03
4.253218725267806803e+03
4.247125015869218259e+03
4.245219603902628478e+03
4.291507463831459063e+03
4.281608409771810329e+03
4.010796592726318977e+03
4.184720451638808299e+03
4.253347686637011066e+03
4.183216683147253207e+03
4.266791763353046008e+03
4.254883439247283604e+03
4.218614381553532439e+03
4.254559775364826237e+03
4.253487883402445732e+03
4.328226005843906933e+03
4.209756444634923355e+03
4.298290042596639978e+03
1.536075746084465436e+03
4.183840957380023610e+03
4.213367858407678796e+03
4.385661804715609833e+03
4.226088939369413310e+03
4.269473294703905594e+03
4.317407219666653873e+03
4.226342753500229264e+03
4.316993108251691410e+03
4.240253943508267184e+03
4.254605122054001185e+03
4.271271265574477184e+03
4.251712311764034894e+03
4.294763629498060254e+03
4.202113408231331050e+03
4.273167985959892576e+03
4.196757583659212287e+03
4.255506239415029995e+03
4.258161203141145961e+03
4.367032953755359813e+03
4.266465743213025235e+03
4.234328967906390972e+03
4.263049817886949313e+03
4.130537655615118638e+03
4.266944020074717628e+03
4.239956832972654411e+03
4.312910395006723775e+03
4.249970213854124268e+03
4.245690975952673398e+03
4.409330685024117884e+03
4.295676561726379077e+03
4.356984734713503713e+03
4.172574513165418466e+03
4.283448465029956424e+03
4.305038892735476111e+03
4.407610389243885948e+03
4.350761246836706050e+03
4.321962702165330484e+03
4.104978639292811749e+03
4.325394321143290654e+03
4.418710708409437757e+03
4.325247157029037226e+03
4.197738989044789378e+03
4.421571838584664874e+03
4.316371598079308569e+03
4.243580879277167696e+03
4.362743119513702368e+03
4.360214504750202650e+03
4.203540364110357586e+03
4.219828949835203275e+03
4.274212515649959641e+03
4.279279470603840309e+03
4.358251950230884177e+03
4.345777573552501053e+03
4.290296360668304260e+03
4.246993925917678098e+03
4.246731303093956740e+03
4.270652967110353529e+03
4.319446969295839153e+03
4.227568492947611958e+03
4.237758980299950963e+03
4.310212738916104172e+03
4.365217317889641890e+03
4.292008283105588816e+03
4.446435368902457412e+03
4.294804084034307380e+03
4.470953503349147468e+03
4.324462083011871073e+03
4.362259450833042138e+03
4.385134641330665545e+03
4.233080528538009276e+03
4.137240719917229399e+03
4.238510051084303996e+03
4.321095644243172501e+03
4.170865593447645551e+03
4.262559450808236761e+03
4.312038118553415188e+03
